1	122678785	4336675	0
2	85426708	2776036	0
3	91889043	2044908	0
4	88276631	1838832	0
5	88915250	2818816	0
6	77573801	2481655	0
7	80974532	2664941	0
8	74330416	2342648	0
9	61074082	3694130	0
10	69331447	3501583	0
11	74389097	2824371	0
12	72498081	2023712	0
13	63241923	2209621	0
14	60966679	1717696	0
15	64190966	1951495	0
16	59632846	698378	0
17	64289059	2393739	0
18	55844845	2085643	0
19	53741614	444896	0
20	58134056	3301609	0
21	50858623	1346409	0
22	61439934	776630	0
23	52294480	1413972	0
24	47698779	1572096	0
25	51628933	1529621	0
26	38964690	1518626	0
27	45876710	2172924	0
28	41182112	842277	0
29	41845238	1086074	0
30	40214260	1431767	0
31	39895921	789923	0
32	38810281	824148	0
33	31377067	802959	0
34	42124431	647068	0
35	26524999	706431	0
36	30810995	482459	0
37	30902991	719566	0
38	23914537	717108	0
X	123869142	2350961	0
MT	16727	2994124	0
JH373233.1	2660953	2191	0
JH373234.1	1881673	186	0
JH373235.1	1415205	805	0
JH373236.1	1067467	724	0
JH373238.1	881102	763	0
JH373237.1	866315	165	0
JH373239.1	822601	16802	0
JH373241.1	745551	463	0
JH373240.1	741967	81	0
JH373244.1	666183	23	0
JH373242.1	602611	1569	0
JH373249.1	577062	304	0
JH373243.1	573630	22582	0
JH373250.1	561270	410	0
JH373245.1	557017	138	0
JH373253.1	540093	579	0
JH373246.1	510604	87	0
JH373252.1	508668	516	0
JH373247.1	497093	558	0
JH373248.1	492630	384	0
JH373254.1	448434	607	0
JH373265.1	433650	418	0
JH373260.1	416178	18	0
JH373251.1	407330	19	0
AAEX03018827.1	405216	27	0
JH373258.1	399987	242	0
JH373278.1	386314	255585	0
JH373256.1	384880	85	0
JH373255.1	377800	215	0
JH373259.1	376204	419	0
JH373257.1	367143	37	0
JH373261.1	365470	134	0
JH373262.1	322752	47	0
JH373263.1	320591	311	0
JH373268.1	320442	376	0
JH373281.1	310654	18	0
JH373264.1	310270	349	0
JH373284.1	292533	175	0
JH373267.1	281659	74	0
JH373266.1	273228	14	0
JH373269.1	265648	160	0
JH373336.1	256406	5793	0
JH373273.1	254975	193	0
JH373272.1	252720	2022	0
JH373270.1	241365	15	0
JH373271.1	234529	10	0
JH373335.1	230124	686	0
JH373371.1	227674	3	0
JH373276.1	227140	20	0
JH373274.1	226053	4	0
JH373275.1	223744	0	0
JH373277.1	219672	0	0
JH373280.1	216332	96	0
AAEX03019065.1	214597	9	0
JH373290.1	210247	51	0
JH373286.1	210134	326	0
JH373279.1	204342	19	0
AAEX03019090.1	201724	21	0
JH373283.1	201410	40	0
JH373282.1	200932	56	0
AAEX03019097.1	200877	3	0
JH373287.1	197844	455	0
JH373288.1	196813	247	0
JH373285.1	192561	24	0
JH373289.1	180359	114	0
JH373291.1	177735	468	0
JH373292.1	172100	106	0
JH373293.1	166866	190	0
JH373294.1	164926	6	0
JH373295.1	157598	47	0
JH373306.1	144750	33	0
JH373296.1	143980	2699	0
JH373299.1	142296	61	0
JH373298.1	142260	7224	0
JH373297.1	141074	58	0
AAEX03019222.1	139526	3	0
AAEX03019231.1	138160	24	0
JH373304.1	133432	166	0
JH373300.1	133119	113	0
JH373303.1	131872	63	0
AAEX03019240.1	129748	26	0
JH373315.1	129482	31	0
JH373302.1	128261	2	0
JH373301.1	127429	98	0
AAEX03019241.1	125962	7	0
JH373319.1	124049	267	0
JH373307.1	120779	43	0
JH373305.1	119670	1	0
JH373316.1	118473	5212	0
JH373308.1	118237	10	0
JH373310.1	117332	0	0
AAEX03019307.1	115952	290	0
JH373313.1	112014	52	0
JH373309.1	111908	3	0
JH373311.1	111759	1443	0
JH373330.1	110512	6478	0
JH373318.1	109585	10	0
JH373312.1	108801	0	0
AAEX03019339.1	106428	78	0
AAEX03019340.1	104912	1	0
JH373350.1	104732	71	0
AAEX03019341.1	104646	0	0
JH373314.1	103248	43	0
JH373324.1	102992	186	0
JH373332.1	102198	95	0
JH373321.1	101741	123	0
JH373317.1	99993	4	0
JH373320.1	99658	2	0
JH373344.1	97802	703	0
JH373348.1	97799	37	0
JH373322.1	97365	4	0
JH373327.1	96536	637	0
JH373325.1	95509	92	0
JH373323.1	94395	0	0
JH373367.1	92437	1	0
JH373326.1	92047	1	0
JH373376.1	90840	4755	0
JH373443.1	90666	6	0
JH373341.1	90550	66	0
JH373394.1	89903	595	0
JH373343.1	89070	6097	0
JH373380.1	88336	77	0
JH373366.1	88153	702	0
AAEX03019443.1	87753	0	0
JH373361.1	87584	1	0
JH373334.1	87041	39	0
JH373328.1	86544	8	0
JH373329.1	85476	3547	0
JH373406.1	84691	261	0
JH373362.1	84679	126	0
JH373432.1	84617	713	0
JH373355.1	84443	18	0
JH373389.1	84024	107	0
AAEX03019490.1	83291	369	0
JH373342.1	82767	51	0
AAEX03019491.1	82459	6131	0
JH373331.1	82380	216	0
JH373333.1	82108	35	0
JH373337.1	81930	0	0
AAEX03019492.1	81605	1	0
JH373356.1	80679	294	0
AAEX03019535.1	79722	0	0
JH373345.1	79712	67	0
JH373346.1	79581	0	0
JH373354.1	79297	131	0
JH373340.1	79078	91	0
JH373351.1	78935	1267	0
AAEX03019548.1	78357	44	0
AAEX03019560.1	78050	0	0
JH373339.1	77130	15	0
JH373338.1	77100	14	0
JH373414.1	75626	53	0
JH373412.1	74646	828	0
JH373347.1	73720	51	0
JH373353.1	73611	0	0
JH373419.1	73441	199	0
JH373349.1	73171	28	0
JH373352.1	72992	0	0
JH373436.1	72756	97	0
JH373383.1	71007	170	0
JH373382.1	70666	457	0
JH373427.1	70370	4600	0
JH373368.1	70351	1174	0
JH373421.1	70154	1	0
JH373446.1	69503	189	0
JH373396.1	69310	10	0
JH373370.1	69126	31	0
JH373477.1	69036	44	0
JH373387.1	68857	58	0
JH373357.1	68834	18	0
JH373409.1	68739	144	0
AAEX03019681.1	68721	15	0
JH373503.1	68521	3	0
JH373451.1	68304	7138	0
AAEX03019691.1	68272	2805	0
JH373358.1	67496	16	0
JH373400.1	67358	47	0
JH373365.1	67300	2	0
JH373494.1	67206	24	0
JH373422.1	67100	854	0
JH373359.1	67057	28	0
JH373385.1	66981	70	0
AAEX03019738.1	66523	5	0
JH373360.1	66195	17	0
JH373364.1	66021	36	0
AAEX03019763.1	65840	2	0
JH373363.1	65696	166	0
JH373391.1	65402	0	0
JH373467.1	64983	1	0
JH373369.1	64646	3	0
JH373372.1	64123	13	0
JH373424.1	63970	11	0
JH373480.1	63789	0	0
JH373476.1	63560	703	0
JH373407.1	63256	89	0
JH373378.1	63245	14	0
JH373381.1	62896	456	0
JH373386.1	62805	2	0
JH373374.1	62414	0	0
JH373373.1	61944	99	0
JH373375.1	61779	24	0
JH373377.1	61194	22	0
JH373379.1	60975	1	0
JH373442.1	60428	44	0
AAEX03019872.1	60346	4	0
JH373384.1	59879	1	0
AAEX03019893.1	59817	18	0
JH373408.1	59752	5534	0
JH373473.1	59547	27	0
JH373505.1	59196	5	0
JH373393.1	59023	31	0
JH373425.1	58859	3	0
JH373500.1	58782	0	0
JH373390.1	58658	0	0
JH373474.1	58434	0	0
JH373445.1	58391	9	0
JH373388.1	58149	0	0
JH373398.1	57907	20	0
JH373411.1	57792	185	0
JH373420.1	57620	23	0
JH373540.1	57351	22	0
JH373450.1	57311	9863	0
JH373452.1	57240	94	0
JH373397.1	57210	1	0
JH373392.1	56534	10753	0
JH373481.1	56472	0	0
JH373438.1	55991	684	0
JH373401.1	54660	98	0
JH373395.1	54477	2	0
JH373439.1	54329	8475	0
AAEX03019987.1	54307	15	0
JH373527.1	54238	179	0
JH373549.1	53998	0	0
JH373418.1	53681	14842	0
JH373745.1	53625	56	0
JH373405.1	53506	246	0
JH373512.1	53447	22	0
JH373399.1	53093	0	0
JH373496.1	52898	54	0
JH373524.1	52768	58	0
JH373416.1	52731	170	0
JH373402.1	52637	53	0
AAEX03020051.1	52548	4	0
JH373417.1	52367	0	0
JH373475.1	52308	87	0
JH373403.1	52288	7	0
AAEX03020054.1	51964	203	0
JH373517.1	51923	3	0
JH373433.1	51679	68	0
AAEX03020055.1	51648	121	0
AAEX03020056.1	51582	5	0
JH373501.1	51573	44	0
JH373568.1	51377	103	0
JH373521.1	51290	4	0
JH373490.1	51152	0	0
JH373468.1	51094	2	0
JH373435.1	50939	54	0
JH373404.1	50869	896	0
AAEX03020060.1	50462	84	0
JH373588.1	50378	30	0
JH373479.1	50023	0	0
AAEX03020068.1	50005	6	0
JH373622.1	49579	13	0
JH373536.1	49508	0	0
JH373410.1	49032	0	0
AAEX03020105.1	49027	27	0
JH373681.1	48551	535	0
JH373415.1	48436	29	0
JH373413.1	48411	0	0
JH373434.1	48264	9	0
AAEX03020144.1	48200	11	0
JH373423.1	48085	50	0
JH373430.1	47960	34	0
AAEX03020161.1	47485	19	0
JH373465.1	47441	13	0
JH373566.1	47268	1327	0
JH373548.1	47028	0	0
JH373461.1	46980	766	0
AAEX03020170.1	46689	0	0
JH373558.1	46651	2	0
JH373457.1	46509	14909	0
JH373560.1	46277	35	0
JH373614.1	46217	93	0
JH373464.1	46145	0	0
JH373426.1	46098	99	0
JH373444.1	46059	0	0
JH373428.1	46044	6	0
JH373526.1	45980	0	0
JH373610.1	45727	66	0
JH373460.1	45697	0	0
JH373429.1	45518	7	0
AAEX03020242.1	45242	5	0
JH373620.1	45208	5	0
JH373488.1	45145	7928	0
AAEX03020251.1	45065	44	0
JH374024.1	45050	1304	0
JH373472.1	45027	82	0
JH373695.1	44778	0	0
JH373463.1	44573	33	0
JH373431.1	44571	11	0
JH373440.1	44549	45	0
JH373604.1	44314	22	0
JH373441.1	44306	0	0
JH373478.1	44261	172	0
JH373437.1	44216	8	0
AAEX03020335.1	43704	26	0
JH373449.1	43681	137	0
JH373544.1	43581	0	0
JH373454.1	43424	15	0
JH373447.1	43189	0	0
JH373453.1	42861	169	0
JH373462.1	42806	0	0
AAEX03020381.1	42803	9	0
JH373458.1	42743	0	0
JH373703.1	42665	34	0
JH374035.1	42648	38	0
JH373519.1	42604	293	0
AAEX03020403.1	42461	16	0
JH373532.1	42312	0	0
JH373448.1	42168	0	0
JH373513.1	42139	37	0
JH373623.1	41962	3	0
AAEX03020427.1	41842	15	0
JH373580.1	41669	168	0
JH373507.1	41582	35	0
AAEX03020436.1	41454	1	0
JH373471.1	41432	162	0
JH373613.1	41410	10	0
JH373542.1	41393	630	0
JH373487.1	41256	10	0
JH373455.1	41221	0	0
JH373520.1	41158	0	0
JH373456.1	41006	18	0
AAEX03020482.1	40931	1030	0
JH373576.1	40872	0	0
JH373459.1	40818	20	0
AAEX03020487.1	40763	0	0
JH373575.1	40746	41	0
JH373466.1	40677	3	0
JH373862.1	40613	0	0
AAEX03020497.1	40517	17	0
JH373644.1	40390	417	0
JH373489.1	40256	1	0
JH373469.1	40054	0	0
JH373529.1	39951	966	0
JH373731.1	39918	0	0
JH373833.1	39754	0	0
AAEX03020524.1	39716	10	0
JH373528.1	39405	70	0
AAEX03020525.1	39345	6	0
JH373643.1	39331	1	0
JH373470.1	39199	372	0
AAEX03020533.1	39138	131	0
JH373807.1	39045	4	0
JH373626.1	38919	429	0
JH373486.1	38643	53	0
AAEX03020568.1	38580	430	0
JH373572.1	38510	5	0
JH373569.1	38407	0	0
JH373732.1	38343	0	0
JH373574.1	38339	2231	0
JH373840.1	38323	0	0
JH373634.1	38242	0	0
JH373541.1	38238	46	0
JH373571.1	38154	5	0
AAEX03020574.1	38084	5	0
JH373624.1	37928	25	0
AAEX03020588.1	37707	0	0
JH373499.1	37626	0	0
AAEX03020610.1	37389	22	0
JH373484.1	37334	0	0
JH373573.1	37277	191	0
JH373504.1	37165	2	0
JH373485.1	37117	1271903	0
JH373754.1	37094	11	0
JH373577.1	37050	7	0
JH373672.1	37035	20	0
JH373663.1	37016	7	0
JH373483.1	36868	0	0
JH373538.1	36826	15	0
JH373482.1	36805	22	0
JH373593.1	36805	0	0
JH373497.1	36780	0	0
AAEX03020671.1	36777	35	0
JH373493.1	36733	56	0
JH373724.1	36550	9	0
JH373551.1	36512	0	0
JH373670.1	36442	2	0
AAEX03020700.1	36424	0	0
AAEX03020701.1	36421	0	0
JH373664.1	36383	0	0
JH373609.1	36341	18	0
JH373649.1	36336	0	0
JH373630.1	36250	25	0
JH373607.1	36225	75	0
JH373570.1	36189	182	0
JH373660.1	36066	32	0
JH373646.1	36033	3	0
JH373508.1	35992	13	0
JH373661.1	35965	6	0
JH373498.1	35816	150	0
AAEX03020729.1	35747	28	0
JH373506.1	35730	1	0
JH373495.1	35605	9	0
JH373666.1	35586	6	0
JH373492.1	35539	0	0
JH373491.1	35523	7	0
JH373525.1	35503	0	0
JH373602.1	35463	23	0
JH373514.1	35363	5	0
AAEX03020760.1	35343	0	0
JH373611.1	35285	7	0
JH373589.1	35185	0	0
AAEX03020761.1	35130	3	0
JH373510.1	34753	2	0
JH373502.1	34700	9	0
JH373714.1	34690	27	0
JH373523.1	34538	1	0
JH373516.1	34525	2	0
AAEX03020831.1	34229	6	0
JH373777.1	33999	4	0
JH373650.1	33915	0	0
JH373654.1	33908	9	0
AAEX03020839.1	33876	5	0
JH373564.1	33873	2	0
AAEX03020840.1	33756	0	0
JH373725.1	33702	2	0
JH373545.1	33675	5	0
JH373578.1	33642	0	0
JH373638.1	33600	966	0
JH373511.1	33563	0	0
JH373518.1	33542	0	0
JH373645.1	33467	104	0
JH373605.1	33462	0	0
JH373687.1	33436	0	0
JH373543.1	33316	2	0
JH373774.1	33291	11	0
JH373581.1	33187	25	0
JH373509.1	33186	19	0
JH373641.1	33135	992	0
JH373744.1	33123	16	0
JH373556.1	32931	26	0
JH373515.1	32878	3	0
JH373674.1	32829	4	0
JH373675.1	32820	52	0
AAEX03020896.1	32719	1	0
JH373662.1	32608	29	0
JH373590.1	32600	90	0
JH373546.1	32524	0	0
JH373531.1	32486	0	0
JH373554.1	32397	84	0
JH373758.1	32353	346	0
AAEX03020910.1	32251	9	0
JH373522.1	32248	8	0
JH373747.1	32180	0	0
JH373552.1	31985	0	0
JH373718.1	31967	0	0
AAEX03020926.1	31902	2	0
JH373621.1	31837	0	0
JH373534.1	31768	21	0
JH373530.1	31643	77	0
JH373702.1	31530	163	0
JH373757.1	31530	2	0
AAEX03020959.1	31497	5	0
AAEX03020963.1	31453	0	0
JH373595.1	31435	4	0
JH373537.1	31361	0	0
JH373612.1	31065	2	0
JH373710.1	31042	9	0
AAEX03020982.1	31015	77	0
JH373677.1	31011	7142	0
JH373616.1	30936	37	0
AAEX03020983.1	30934	9	0
JH373535.1	30772	0	0
JH373956.1	30711	6	0
JH373533.1	30648	0	0
JH373683.1	30594	21	0
AAEX03021041.1	30589	0	0
JH373628.1	30561	33	0
AAEX03021042.1	30556	148	0
JH373597.1	30527	9	0
AAEX03021043.1	30501	22	0
JH373539.1	30499	0	0
AAEX03021044.1	30486	14	0
JH373553.1	30345	1593	0
JH373653.1	30219	55	0
AAEX03021070.1	30166	3	0
JH373787.1	30129	37	0
JH373562.1	30112	0	0
AAEX03021071.1	30107	3	0
AAEX03021077.1	30040	1	0
AAEX03021094.1	29914	23	0
JH373642.1	29863	4	0
AAEX03021108.1	29812	0	0
JH373550.1	29738	2	0
JH373547.1	29710	9	0
JH373723.1	29620	1	0
JH373600.1	29594	241	0
JH373800.1	29578	21	0
JH373647.1	29441	70	0
AAEX03021139.1	29345	5	0
JH373555.1	29319	10	0
JH373565.1	29245	0	0
JH373606.1	29218	1	0
JH373563.1	29108	32	0
JH373557.1	28934	1	0
AAEX03021187.1	28914	1	0
JH373559.1	28880	0	0
JH373617.1	28880	173	0
AAEX03021193.1	28869	14	0
JH373587.1	28859	3926	0
AAEX03021208.1	28793	3	0
JH373619.1	28790	75	0
JH373561.1	28774	0	0
JH373601.1	28772	68	0
JH373639.1	28736	1	0
JH373830.1	28718	131	0
JH373721.1	28710	1	0
AAEX03021227.1	28676	1	0
JH373793.1	28668	6	0
JH373692.1	28627	0	0
JH373746.1	28455	10	0
JH373567.1	28436	2	0
AAEX03021268.1	28369	7	0
JH373699.1	28254	118	0
JH373598.1	28228	2	0
AAEX03021281.1	28200	331	0
JH373694.1	28155	0	0
AAEX03021282.1	28094	0	0
JH373585.1	28005	118	0
AAEX03021317.1	28004	1	0
AAEX03021318.1	27996	216	0
JH373658.1	27911	0	0
JH373582.1	27891	17	0
JH373713.1	27890	0	0
JH373817.1	27876	0	0
JH373599.1	27868	182	0
JH373782.1	27860	5	0
JH373579.1	27833	15	0
JH373685.1	27827	8	0
AAEX03021345.1	27800	2	0
AAEX03021372.1	27613	5	0
JH373704.1	27551	325	0
JH373629.1	27505	1	0
JH373583.1	27463	2019	0
JH373784.1	27458	0	0
JH373584.1	27432	13421	0
JH373785.1	27404	733	0
JH373753.1	27374	17	0
JH373608.1	27345	4	0
JH373586.1	27325	0	0
JH374096.1	27321	0	0
JH373591.1	27308	1	0
JH373635.1	27302	16	0
JH373729.1	27235	0	0
JH373603.1	27228	0	0
JH373673.1	27199	0	0
AAEX03021408.1	27136	0	0
JH373596.1	27111	105	0
JH373594.1	27099	0	0
JH373592.1	27079	73	0
JH373802.1	27028	0	0
AAEX03021437.1	26985	0	0
JH373667.1	26810	0	0
AAEX03021458.1	26802	1	0
JH373686.1	26767	1	0
AAEX03021463.1	26747	126	0
JH373655.1	26716	47	0
JH373943.1	26714	6	0
JH373640.1	26648	742	0
JH373853.1	26559	6	0
AAEX03021489.1	26523	141	0
JH374045.1	26441	0	0
AAEX03021504.1	26408	0	0
AAEX03021513.1	26369	3322	0
JH373893.1	26317	0	0
JH373712.1	26248	62	0
JH373727.1	26207	52	0
JH373689.1	26196	5	0
JH373799.1	26194	1	0
JH373652.1	26173	0	0
AAEX03021540.1	26155	3	0
JH373615.1	26138	57	0
JH373719.1	26131	9	0
JH373618.1	26077	0	0
JH373876.1	26016	70	0
JH373625.1	26000	0	0
JH373859.1	25959	978	0
AAEX03021579.1	25886	0	0
JH373706.1	25846	22	0
JH373759.1	25786	425	0
AAEX03021599.1	25686	31	0
JH373738.1	25652	70	0
JH373627.1	25608	0	0
AAEX03021648.1	25570	0	0
JH373632.1	25556	467	0
AAEX03021649.1	25554	18	0
JH373648.1	25543	1	0
JH373776.1	25486	1	0
AAEX03021660.1	25472	1	0
JH373716.1	25447	25	0
JH373631.1	25257	0	0
JH373854.1	25228	0	0
JH373735.1	25161	1	0
JH373867.1	25159	3	0
AAEX03021682.1	25092	1	0
JH373892.1	25078	0	0
JH373656.1	24967	1	0
JH373707.1	24946	67	0
JH373633.1	24895	0	0
JH373637.1	24856	17	0
JH373781.1	24853	587	0
AAEX03021701.1	24821	75	0
JH373636.1	24700	0	0
JH373990.1	24688	74	0
AAEX03021719.1	24666	8	0
JH373651.1	24570	0	0
JH373763.1	24529	0	0
JH373760.1	24511	0	0
JH373680.1	24509	58	0
JH373798.1	24500	0	0
AAEX03021736.1	24385	3	0
AAEX03021737.1	24368	1	0
JH373749.1	24356	241	0
JH373909.1	24251	0	0
JH373671.1	24220	63	0
AAEX03021761.1	24163	9	0
JH373832.1	24152	13	0
JH373878.1	24098	1	0
JH373797.1	24093	0	0
JH373743.1	24056	45	0
JH373682.1	23951	136	0
JH373668.1	23924	139	0
AAEX03021790.1	23898	0	0
AAEX03021800.1	23825	6	0
AAEX03021807.1	23812	15	0
JH373669.1	23808	0	0
JH373887.1	23775	3	0
JH373775.1	23772	3	0
AAEX03021822.1	23651	8	0
JH373690.1	23635	24	0
JH373809.1	23605	250	0
AAEX03021841.1	23594	1	0
JH373860.1	23569	1	0
AAEX03021842.1	23542	43	0
JH373691.1	23511	0	0
JH373963.1	23501	0	0
JH373813.1	23498	7	0
JH373657.1	23482	0	0
JH373792.1	23451	1	0
AAEX03021849.1	23440	6	0
AAEX03021853.1	23400	16	0
AAEX03021854.1	23398	0	0
JH373678.1	23374	0	0
JH373665.1	23365	0	0
JH373698.1	23347	0	0
JH373659.1	23323	38	0
JH373829.1	23321	32	0
JH373679.1	23313	1	0
JH373873.1	23290	427	0
AAEX03021871.1	23247	0	0
JH373838.1	23188	527	0
JH373696.1	23148	0	0
AAEX03021919.1	23069	47	0
JH373705.1	23068	7	0
AAEX03021932.1	23029	0	0
JH373856.1	22992	1	0
JH373676.1	22972	905	0
JH373684.1	22913	0	0
JH373820.1	22831	0	0
JH373858.1	22770	33	0
JH373904.1	22716	335	0
JH373863.1	22704	5	0
AAEX03021979.1	22693	0	0
AAEX03021980.1	22671	459	0
AAEX03021981.1	22655	0	0
JH373986.1	22614	1694	0
JH373688.1	22547	0	0
JH373917.1	22497	0	0
JH373701.1	22495	1	0
AAEX03022003.1	22493	0	0
JH373835.1	22397	0	0
AAEX03022020.1	22331	1	0
AAEX03022030.1	22244	0	0
JH373768.1	22221	2	0
AAEX03022031.1	22218	1	0
JH373733.1	22216	24	0
AAEX03022032.1	22205	0	0
JH374009.1	22205	24	0
JH373700.1	22168	0	0
AAEX03022033.1	22157	0	0
JH373693.1	22156	14	0
AAEX03022043.1	22131	0	0
AAEX03022044.1	22078	1	0
JH373708.1	22065	72	0
AAEX03022057.1	22057	247	0
JH373907.1	22031	0	0
AAEX03022060.1	22014	7	0
JH373839.1	21977	0	0
JH373882.1	21977	2	0
JH373773.1	21962	0	0
JH373837.1	21930	0	0
AAEX03022061.1	21926	34	0
AAEX03022062.1	21925	528	0
AAEX03022063.1	21924	5	0
JH373805.1	21848	18	0
JH373946.1	21823	0	0
JH373734.1	21815	0	0
AAEX03022069.1	21734	2	0
JH373779.1	21731	0	0
AAEX03022081.1	21689	0	0
JH373836.1	21676	52	0
AAEX03022082.1	21667	119	0
AAEX03022083.1	21638	2	0
JH373756.1	21618	36	0
JH373697.1	21584	0	0
JH373875.1	21547	6	0
AAEX03022093.1	21456	0	0
JH373728.1	21446	310	0
JH373844.1	21436	4	0
JH373750.1	21352	8	0
AAEX03022122.1	21300	309	0
AAEX03022123.1	21212	5	0
JH373717.1	21136	0	0
JH373709.1	21134	1	0
AAEX03022139.1	21063	0	0
JH373720.1	21048	0	0
JH373790.1	21046	0	0
AAEX03022140.1	21029	4	0
JH373766.1	21026	0	0
AAEX03022141.1	21019	210	0
JH373715.1	21015	14623	0
JH373778.1	21006	5	0
JH373761.1	20964	14	0
JH373711.1	20961	7	0
AAEX03022149.1	20926	0	0
JH373847.1	20901	8	0
JH373726.1	20890	0	0
JH373762.1	20876	0	0
AAEX03022156.1	20849	8	0
AAEX03022157.1	20819	473	0
JH373767.1	20809	47	0
JH374037.1	20713	0	0
AAEX03022171.1	20706	3	0
JH373736.1	20693	0	0
JH373737.1	20650	3278	0
AAEX03022189.1	20628	6	0
AAEX03022193.1	20596	7	0
JH373730.1	20564	2	0
JH373740.1	20554	0	0
AAEX03022194.1	20509	0	0
AAEX03022195.1	20502	559	0
JH373957.1	20498	86	0
AAEX03022202.1	20472	10	0
JH373886.1	20455	0	0
AAEX03022203.1	20448	4	0
AAEX03022204.1	20439	0	0
AAEX03022211.1	20419	1	0
AAEX03022212.1	20401	758	0
JH373993.1	20360	30	0
JH373789.1	20358	219	0
AAEX03022213.1	20308	0	0
JH374006.1	20244	3	0
AAEX03022216.1	20224	1	0
JH373825.1	20219	0	0
JH373923.1	20209	0	0
JH373855.1	20182	0	0
JH374031.1	20157	0	0
JH373764.1	20128	2	0
AAEX03022223.1	20120	23	0
JH373964.1	20103	0	0
JH373925.1	20078	264	0
JH373722.1	20073	6	0
AAEX03022239.1	20029	0	0
JH373864.1	20027	61	0
AAEX03022240.1	20017	9	0
JH373826.1	20014	47	0
JH373765.1	20000	13	0
JH374003.1	19982	0	0
AAEX03022241.1	19971	0	0
JH373752.1	19964	23	0
AAEX03022242.1	19960	1	0
AAEX03022243.1	19955	2	0
AAEX03022244.1	19951	2	0
JH373742.1	19944	0	0
JH373811.1	19944	0	0
AAEX03022256.1	19933	0	0
JH373932.1	19932	3	0
AAEX03022262.1	19914	0	0
JH373965.1	19881	0	0
JH373739.1	19874	2	0
AAEX03022277.1	19865	0	0
JH373981.1	19829	0	0
AAEX03022291.1	19813	16	0
JH373945.1	19791	0	0
JH373751.1	19766	8	0
JH373788.1	19761	0	0
AAEX03022299.1	19743	0	0
AAEX03022300.1	19733	0	0
AAEX03022301.1	19724	19	0
JH373769.1	19644	0	0
AAEX03022317.1	19618	3	0
JH373914.1	19562	0	0
JH373841.1	19561	184	0
JH373827.1	19512	0	0
AAEX03022329.1	19501	60	0
JH373755.1	19499	83	0
JH373741.1	19477	182	0
AAEX03022332.1	19453	0	0
JH373896.1	19442	0	0
AAEX03022348.1	19394	0	0
AAEX03022357.1	19341	4	0
AAEX03022358.1	19330	0	0
AAEX03022359.1	19322	11	0
JH373748.1	19319	1	0
AAEX03022368.1	19293	0	0
JH373823.1	19288	0	0
JH373913.1	19282	0	0
AAEX03022378.1	19270	55	0
JH373906.1	19236	1	0
AAEX03022381.1	19209	2	0
AAEX03022384.1	19177	50	0
AAEX03022390.1	19173	429	0
AAEX03022391.1	19163	33	0
AAEX03022392.1	19153	1	0
JH373846.1	19149	21	0
JH373791.1	19138	0	0
JH373795.1	19089	10	0
AAEX03022395.1	19084	0	0
AAEX03022415.1	19046	0	0
JH373850.1	19044	263	0
JH373772.1	18962	0	0
AAEX03022441.1	18954	3	0
AAEX03022442.1	18945	0	0
AAEX03022448.1	18920	0	0
AAEX03022456.1	18907	0	0
JH373818.1	18906	0	0
JH373780.1	18890	0	0
AAEX03022474.1	18863	20	0
AAEX03022475.1	18825	0	0
JH373770.1	18815	0	0
JH373941.1	18815	6	0
AAEX03022476.1	18807	34	0
AAEX03022477.1	18807	33	0
AAEX03022483.1	18777	0	0
JH373786.1	18771	0	0
JH373783.1	18737	10	0
AAEX03022489.1	18721	0	0
JH373822.1	18717	1	0
JH373852.1	18714	0	0
JH373771.1	18687	27	0
JH373803.1	18671	0	0
AAEX03022496.1	18667	2	0
JH374067.1	18578	1	0
JH373796.1	18501	14	0
JH373888.1	18475	150	0
JH373812.1	18448	0	0
JH373810.1	18435	0	0
JH373801.1	18426	0	0
JH373794.1	18406	0	0
AAEX03022555.1	18404	7	0
JH373843.1	18404	16	0
JH374061.1	18318	1	0
JH373834.1	18305	2	0
AAEX03022578.1	18292	13	0
AAEX03022579.1	18280	3	0
AAEX03022582.1	18258	15	0
JH373910.1	18243	0	0
JH374030.1	18229	0	0
AAEX03022592.1	18225	0	0
JH373804.1	18124	0	0
AAEX03022606.1	18120	10	0
JH373930.1	18091	69	0
JH373960.1	18089	12	0
JH373861.1	18011	3	0
JH374034.1	17995	0	0
AAEX03022624.1	17983	1	0
JH374017.1	17963	0	0
AAEX03022630.1	17925	0	0
JH373828.1	17905	0	0
JH374066.1	17899	0	0
AAEX03022651.1	17883	0	0
JH373900.1	17866	869	0
JH373824.1	17856	0	0
AAEX03022659.1	17829	0	0
JH373982.1	17825	12	0
JH373934.1	17824	3	0
JH373889.1	17792	2917	0
JH373806.1	17768	0	0
JH373937.1	17765	0	0
JH373935.1	17760	4	0
JH373808.1	17751	0	0
JH373814.1	17741	0	0
JH373819.1	17657	0	0
JH373845.1	17640	0	0
AAEX03022691.1	17622	0	0
AAEX03022692.1	17621	5	0
JH373816.1	17604	0	0
JH374004.1	17590	3	0
AAEX03022706.1	17537	1	0
JH374010.1	17521	492	0
JH373815.1	17503	15	0
AAEX03022707.1	17500	11	0
AAEX03022712.1	17485	2	0
JH373891.1	17469	1	0
JH374062.1	17463	25	0
AAEX03022713.1	17439	0	0
JH373921.1	17417	0	0
AAEX03022724.1	17372	0	0
JH373821.1	17335	45	0
AAEX03022735.1	17333	0	0
AAEX03022738.1	17237	2	0
AAEX03022739.1	17223	68	0
JH374094.1	17219	0	0
JH373898.1	17208	0	0
AAEX03022740.1	17198	3	0
AAEX03022741.1	17175	0	0
AAEX03022742.1	17169	0	0
AAEX03022743.1	17166	0	0
JH373899.1	17164	173	0
JH373879.1	17147	46	0
AAEX03022744.1	17146	0	0
JH373877.1	17132	0	0
AAEX03022745.1	17115	0	0
AAEX03022754.1	17054	0	0
JH373871.1	17041	328	0
AAEX03022755.1	16999	3	0
AAEX03022756.1	16998	1	0
JH373849.1	16945	5	0
JH373939.1	16869	244	0
AAEX03022759.1	16866	0	0
JH373950.1	16840	0	0
JH373978.1	16826	5	0
JH373901.1	16813	0	0
AAEX03022760.1	16799	11	0
AAEX03022761.1	16789	0	0
AAEX03022764.1	16767	0	0
JH373928.1	16741	9	0
JH374090.1	16733	1	0
JH374069.1	16700	0	0
JH373915.1	16678	6	0
AAEX03022777.1	16645	4	0
AAEX03022778.1	16622	0	0
JH374038.1	16619	0	0
JH373949.1	16606	17	0
AAEX03022785.1	16601	0	0
JH373975.1	16589	26	0
AAEX03022786.1	16573	1	0
JH374005.1	16557	1	0
JH373944.1	16551	40	0
JH373883.1	16549	0	0
AAEX03022787.1	16535	4	0
JH373831.1	16534	0	0
AAEX03022788.1	16533	103	0
JH373884.1	16518	110	0
AAEX03022814.1	16453	1	0
JH373880.1	16433	0	0
JH373851.1	16414	0	0
AAEX03022820.1	16411	25	0
AAEX03022821.1	16406	251	0
AAEX03022822.1	16406	0	0
JH373903.1	16406	105	0
JH374053.1	16395	0	0
JH373865.1	16369	0	0
JH373972.1	16339	0	0
JH374078.1	16329	0	0
AAEX03022848.1	16274	1	0
AAEX03022849.1	16274	11	0
AAEX03022858.1	16219	18	0
JH373911.1	16214	2	0
JH373842.1	16178	6	0
AAEX03022862.1	16171	0	0
AAEX03022863.1	16168	4	0
JH373890.1	16165	0	0
AAEX03022866.1	16128	6	0
AAEX03022877.1	16101	0	0
AAEX03022878.1	16083	0	0
JH373954.1	16064	0	0
JH373848.1	16054	0	0
AAEX03022890.1	16033	10	0
AAEX03022898.1	16030	7	0
AAEX03022907.1	15997	12	0
AAEX03022908.1	15980	0	0
JH374065.1	15970	0	0
AAEX03022909.1	15966	20	0
JH373897.1	15964	0	0
JH373872.1	15961	0	0
JH373857.1	15960	8	0
JH373870.1	15954	44	0
JH373874.1	15944	58	0
JH373869.1	15927	29	0
JH373967.1	15908	0	0
AAEX03022915.1	15896	0	0
JH373916.1	15882	0	0
JH374104.1	15866	757	0
JH373973.1	15840	0	0
JH373866.1	15837	6	0
AAEX03022941.1	15834	0	0
AAEX03022944.1	15826	0	0
AAEX03022945.1	15814	7	0
JH373894.1	15778	5	0
AAEX03022980.1	15772	8	0
JH373885.1	15737	3	0
AAEX03022981.1	15725	0	0
JH374014.1	15712	6	0
JH373948.1	15696	0	0
JH373966.1	15666	8	0
AAEX03022987.1	15635	0	0
JH374027.1	15624	0	0
JH373918.1	15609	16	0
AAEX03022992.1	15605	0	0
JH373983.1	15591	4866	0
JH374001.1	15591	7	0
JH373868.1	15586	3	0
AAEX03022993.1	15568	0	0
AAEX03022994.1	15564	0	0
JH373933.1	15554	4	0
AAEX03023002.1	15552	0	0
JH374089.1	15551	53	0
JH373991.1	15524	0	0
AAEX03023007.1	15519	0	0
AAEX03023018.1	15446	0	0
AAEX03023019.1	15433	1	0
AAEX03023030.1	15378	2	0
JH374118.1	15377	54	0
JH373929.1	15355	1294	0
JH374039.1	15350	0	0
AAEX03023045.1	15337	6	0
AAEX03023050.1	15314	22	0
JH374097.1	15306	7	0
JH373908.1	15303	0	0
AAEX03023059.1	15274	0	0
AAEX03023060.1	15269	1	0
JH373974.1	15246	12	0
JH373881.1	15218	1	0
JH373968.1	15209	0	0
JH373992.1	15170	0	0
AAEX03023077.1	15165	0	0
AAEX03023078.1	15160	0	0
JH373947.1	15158	2	0
JH374016.1	15148	5	0
AAEX03023081.1	15083	17	0
AAEX03023082.1	15081	9	0
JH374095.1	15054	13	0
AAEX03023083.1	15050	284	0
AAEX03023097.1	15024	0	0
JH373920.1	15021	0	0
JH373902.1	15008	1	0
JH374002.1	15002	0	0
AAEX03023107.1	14993	0	0
AAEX03023108.1	14954	0	0
AAEX03023109.1	14953	3	0
AAEX03023110.1	14948	27	0
AAEX03023113.1	14890	0	0
JH373970.1	14890	27	0
JH373955.1	14884	0	0
AAEX03023114.1	14883	0	0
JH373977.1	14880	0	0
JH374008.1	14862	62	0
AAEX03023115.1	14848	43	0
JH374015.1	14844	0	0
JH373912.1	14817	0	0
JH373895.1	14814	0	0
JH373979.1	14782	170	0
AAEX03023128.1	14781	0	0
JH374020.1	14765	7	0
AAEX03023136.1	14721	0	0
JH373998.1	14714	0	0
AAEX03023156.1	14654	0	0
JH374021.1	14650	0	0
JH373969.1	14649	2	0
AAEX03023161.1	14637	12	0
AAEX03023169.1	14624	0	0
AAEX03023172.1	14602	0	0
JH374049.1	14602	151	0
AAEX03023173.1	14600	1	0
JH373962.1	14578	0	0
JH374011.1	14577	95	0
JH373926.1	14570	1	0
AAEX03023177.1	14562	0	0
JH373905.1	14509	24	0
AAEX03023183.1	14508	0	0
JH373919.1	14505	33	0
AAEX03023200.1	14419	0	0
AAEX03023201.1	14413	6	0
AAEX03023211.1	14401	0	0
JH373927.1	14399	61	0
AAEX03023212.1	14381	0	0
JH374047.1	14379	2	0
JH373924.1	14356	28	0
AAEX03023213.1	14354	3	0
JH373961.1	14328	6	0
JH374063.1	14326	1390	0
AAEX03023229.1	14324	13	0
JH373922.1	14321	15	0
AAEX03023233.1	14305	118	0
AAEX03023234.1	14300	5	0
JH373936.1	14289	0	0
AAEX03023240.1	14274	0	0
JH373952.1	14269	3353	0
AAEX03023249.1	14265	0	0
JH374055.1	14263	1	0
JH373989.1	14241	28	0
AAEX03023250.1	14237	11	0
JH374050.1	14236	174	0
AAEX03023257.1	14197	0	0
AAEX03023258.1	14194	3	0
JH373931.1	14179	27	0
JH374022.1	14150	47	0
AAEX03023275.1	14123	4	0
AAEX03023276.1	14120	0	0
JH373940.1	14097	55	0
AAEX03023286.1	14077	0	0
AAEX03023291.1	14065	0	0
JH373980.1	14052	0	0
JH374026.1	14051	2	0
JH373938.1	14026	0	0
AAEX03023315.1	13990	0	0
JH373951.1	13981	0	0
AAEX03023322.1	13960	0	0
AAEX03023323.1	13933	0	0
AAEX03023324.1	13926	22	0
AAEX03023325.1	13906	0	0
JH373988.1	13892	0	0
JH373942.1	13891	0	0
JH374071.1	13882	0	0
JH374081.1	13874	2	0
JH373995.1	13870	254	0
JH373959.1	13803	0	0
JH374029.1	13788	8	0
AAEX03023347.1	13787	0	0
JH374041.1	13760	113	0
AAEX03023355.1	13740	2	0
JH374110.1	13732	12	0
AAEX03023356.1	13729	8	0
AAEX03023357.1	13717	18	0
AAEX03023358.1	13695	0	0
AAEX03023365.1	13684	0	0
AAEX03023366.1	13682	0	0
AAEX03023367.1	13679	1457	0
JH373997.1	13665	2	0
JH373953.1	13662	0	0
AAEX03023372.1	13623	0	0
JH374068.1	13604	0	0
AAEX03023373.1	13593	13	0
AAEX03023374.1	13591	0	0
AAEX03023381.1	13589	8	0
AAEX03023382.1	13589	0	0
AAEX03023386.1	13585	14	0
AAEX03023391.1	13564	0	0
JH373958.1	13547	0	0
AAEX03023392.1	13543	0	0
JH374060.1	13538	0	0
JH373976.1	13514	1	0
JH374051.1	13507	6	0
AAEX03023395.1	13506	0	0
AAEX03023396.1	13493	45	0
JH373971.1	13490	69	0
AAEX03023402.1	13481	8	0
JH374149.1	13468	0	0
JH374056.1	13453	0	0
JH373985.1	13444	0	0
JH374101.1	13392	0	0
JH374079.1	13354	1	0
AAEX03023424.1	13330	1	0
AAEX03023425.1	13329	0	0
JH374164.1	13328	0	0
AAEX03023426.1	13325	0	0
AAEX03023431.1	13321	0	0
AAEX03023434.1	13311	0	0
JH374070.1	13306	1	0
AAEX03023435.1	13299	4	0
AAEX03023436.1	13294	0	0
AAEX03023437.1	13279	0	0
JH373984.1	13265	0	0
AAEX03023448.1	13257	0	0
AAEX03023449.1	13242	18	0
AAEX03023450.1	13231	0	0
JH373994.1	13221	0	0
AAEX03023451.1	13207	0	0
AAEX03023452.1	13207	2	0
AAEX03023453.1	13190	0	0
JH373996.1	13169	0	0
AAEX03023460.1	13152	1140	0
AAEX03023468.1	13146	3	0
JH374000.1	13126	13	0
AAEX03023475.1	13123	0	0
JH374163.1	13114	0	0
AAEX03023476.1	13078	0	0
AAEX03023484.1	13055	0	0
AAEX03023485.1	13053	0	0
AAEX03023488.1	13040	0	0
AAEX03023492.1	13031	0	0
AAEX03023493.1	13011	0	0
JH374023.1	13011	0	0
JH374074.1	13008	24912	0
AAEX03023494.1	13000	0	0
JH374018.1	12999	0	0
AAEX03023504.1	12977	0	0
AAEX03023505.1	12968	0	0
JH374043.1	12953	1	0
AAEX03023506.1	12952	0	0
AAEX03023507.1	12951	60	0
AAEX03023508.1	12940	2	0
AAEX03023509.1	12940	0	0
JH374082.1	12938	5	0
AAEX03023514.1	12930	0	0
AAEX03023518.1	12900	0	0
AAEX03023519.1	12896	11	0
JH374112.1	12878	0	0
AAEX03023520.1	12876	0	0
JH374019.1	12857	1107	0
JH374117.1	12821	0	0
AAEX03023521.1	12820	7	0
AAEX03023522.1	12820	0	0
AAEX03023523.1	12813	0	0
AAEX03023524.1	12809	0	0
AAEX03023529.1	12755	0	0
JH374108.1	12748	0	0
JH374091.1	12747	0	0
AAEX03023534.1	12732	0	0
AAEX03023535.1	12730	25	0
AAEX03023536.1	12718	0	0
AAEX03023537.1	12715	751	0
AAEX03023538.1	12710	0	0
AAEX03023542.1	12700	0	0
JH374040.1	12661	0	0
AAEX03023556.1	12644	10	0
JH374154.1	12637	46	0
AAEX03023557.1	12632	0	0
JH373999.1	12629	37	0
AAEX03023558.1	12627	1	0
AAEX03023559.1	12626	9	0
JH374046.1	12618	9	0
JH373987.1	12607	123	0
AAEX03023560.1	12584	0	0
AAEX03023563.1	12569	0	0
JH374057.1	12565	0	0
AAEX03023566.1	12560	0	0
JH374033.1	12555	0	0
JH374115.1	12554	0	0
AAEX03023572.1	12529	0	0
AAEX03023573.1	12525	5	0
AAEX03023576.1	12514	0	0
JH374120.1	12511	127	0
JH374036.1	12508	0	0
JH374028.1	12499	0	0
AAEX03023581.1	12490	0	0
AAEX03023582.1	12488	0	0
AAEX03023586.1	12486	29	0
AAEX03023587.1	12478	0	0
JH374073.1	12461	194	0
AAEX03023593.1	12452	0	0
AAEX03023594.1	12450	32	0
JH374072.1	12446	701	0
JH374109.1	12406	3	0
AAEX03023614.1	12373	0	0
AAEX03023615.1	12341	0	0
AAEX03023616.1	12335	0	0
AAEX03023617.1	12308	50	0
AAEX03023618.1	12300	0	0
JH374092.1	12298	0	0
AAEX03023624.1	12273	0	0
JH374048.1	12265	0	0
JH374166.1	12234	1	0
AAEX03023627.1	12229	9	0
AAEX03023628.1	12224	7	0
AAEX03023629.1	12221	0	0
JH374106.1	12185	49	0
AAEX03023639.1	12175	99	0
AAEX03023640.1	12175	203	0
JH374103.1	12162	0	0
JH374013.1	12161	9	0
AAEX03023641.1	12152	5	0
AAEX03023642.1	12149	0	0
AAEX03023643.1	12145	0	0
JH374113.1	12145	0	0
AAEX03023644.1	12143	0	0
AAEX03023645.1	12133	0	0
AAEX03023646.1	12131	0	0
AAEX03023647.1	12130	0	0
AAEX03023648.1	12122	0	0
AAEX03023651.1	12121	0	0
AAEX03023652.1	12118	0	0
JH374114.1	12109	12	0
AAEX03023663.1	12108	0	0
AAEX03023664.1	12099	10	0
AAEX03023665.1	12095	7	0
JH374025.1	12085	10	0
AAEX03023671.1	12081	0	0
JH374007.1	12070	25	0
AAEX03023677.1	12066	0	0
AAEX03023681.1	12049	0	0
AAEX03023686.1	12041	0	0
AAEX03023691.1	12011	28	0
AAEX03023692.1	11979	0	0
AAEX03023693.1	11977	1	0
AAEX03023694.1	11968	1	0
JH374122.1	11959	2909	0
AAEX03023695.1	11944	0	0
AAEX03023696.1	11923	0	0
JH374136.1	11913	0	0
AAEX03023701.1	11900	0	0
AAEX03023702.1	11895	0	0
JH374012.1	11883	0	0
AAEX03023708.1	11880	218	0
JH374130.1	11851	3	0
AAEX03023724.1	11845	0	0
JH374100.1	11843	0	0
AAEX03023725.1	11841	2	0
JH374058.1	11838	20	0
JH374077.1	11833	744	0
AAEX03023726.1	11832	0	0
AAEX03023732.1	11822	3	0
AAEX03023735.1	11800	115	0
AAEX03023736.1	11773	15	0
AAEX03023737.1	11745	0	0
AAEX03023738.1	11743	2	0
AAEX03023741.1	11739	0	0
AAEX03023742.1	11738	0	0
AAEX03023743.1	11735	0	0
AAEX03023744.1	11732	18	0
AAEX03023745.1	11728	0	0
JH374133.1	11728	76	0
JH374116.1	11727	230	0
JH374064.1	11719	76	0
JH374188.1	11697	0	0
AAEX03023754.1	11687	0	0
AAEX03023755.1	11686	1137	0
AAEX03023756.1	11680	0	0
AAEX03023757.1	11661	0	0
AAEX03023758.1	11660	0	0
AAEX03023759.1	11654	0	0
AAEX03023760.1	11653	211	0
JH374146.1	11651	19	0
AAEX03023761.1	11635	0	0
AAEX03023762.1	11635	136	0
AAEX03023763.1	11627	0	0
AAEX03023764.1	11606	0	0
AAEX03023765.1	11601	0	0
AAEX03023766.1	11596	0	0
AAEX03023767.1	11584	0	0
AAEX03023768.1	11584	0	0
AAEX03023769.1	11581	0	0
AAEX03023770.1	11578	7	0
AAEX03023771.1	11575	0	0
AAEX03023772.1	11573	49	0
AAEX03023773.1	11560	0	0
AAEX03023776.1	11553	0	0
AAEX03023777.1	11553	0	0
AAEX03023778.1	11547	0	0
AAEX03023779.1	11546	2	0
AAEX03023782.1	11523	0	0
JH374086.1	11521	26	0
AAEX03023783.1	11502	0	0
AAEX03023784.1	11491	2	0
AAEX03023785.1	11474	0	0
AAEX03023786.1	11461	0	0
AAEX03023787.1	11455	0	0
AAEX03023788.1	11453	0	0
AAEX03023794.1	11451	0	0
JH374032.1	11448	0	0
AAEX03023808.1	11422	0	0
AAEX03023809.1	11411	0	0
JH374124.1	11392	1668	0
AAEX03023810.1	11391	1	0
AAEX03023811.1	11391	0	0
AAEX03023812.1	11390	0	0
AAEX03023813.1	11389	0	0
AAEX03023822.1	11373	0	0
JH374111.1	11344	0	0
AAEX03023823.1	11343	12	0
AAEX03023824.1	11342	97	0
JH374134.1	11342	18	0
JH374171.1	11332	91	0
AAEX03023825.1	11326	0	0
JH374172.1	11326	0	0
AAEX03023826.1	11324	8	0
JH374054.1	11305	10	0
AAEX03023827.1	11299	0	0
AAEX03023828.1	11298	0	0
AAEX03023829.1	11297	0	0
AAEX03023830.1	11270	0	0
AAEX03023831.1	11263	0	0
AAEX03023832.1	11250	332	0
AAEX03023836.1	11240	0	0
AAEX03023837.1	11237	0	0
AAEX03023840.1	11232	0	0
JH374052.1	11232	0	0
AAEX03023841.1	11227	0	0
AAEX03023842.1	11213	0	0
AAEX03023847.1	11200	0	0
AAEX03023848.1	11192	0	0
AAEX03023849.1	11182	0	0
AAEX03023850.1	11181	0	0
JH374059.1	11181	48	0
AAEX03023856.1	11160	0	0
JH374107.1	11135	3586	0
AAEX03023857.1	11129	0	0
AAEX03023858.1	11127	0	0
JH374151.1	11127	22	0
AAEX03023859.1	11121	0	0
AAEX03023864.1	11119	0	0
AAEX03023872.1	11108	0	0
AAEX03023873.1	11107	0	0
AAEX03023874.1	11102	0	0
AAEX03023881.1	11096	0	0
AAEX03023882.1	11095	0	0
JH374087.1	11079	93	0
AAEX03023883.1	11074	13	0
AAEX03023884.1	11061	0	0
AAEX03023885.1	11052	0	0
AAEX03023886.1	11037	0	0
AAEX03023887.1	11036	0	0
AAEX03023888.1	11036	0	0
JH374042.1	11030	1214	0
AAEX03023889.1	11021	0	0
AAEX03023892.1	11012	0	0
AAEX03023900.1	11000	0	0
JH374152.1	10986	12	0
AAEX03023901.1	10978	0	0
JH374185.1	10965	130	0
JH374044.1	10955	0	0
JH374084.1	10948	1	0
AAEX03023913.1	10929	0	0
AAEX03023920.1	10880	2	0
AAEX03023921.1	10869	2	0
AAEX03023922.1	10869	0	0
AAEX03023923.1	10853	21	0
AAEX03023924.1	10853	0	0
AAEX03023925.1	10851	0	0
AAEX03023926.1	10850	0	0
AAEX03023927.1	10843	0	0
AAEX03023928.1	10843	3	0
AAEX03023929.1	10837	304	0
AAEX03023933.1	10822	0	0
JH374187.1	10817	0	0
AAEX03023934.1	10810	0	0
AAEX03023935.1	10808	0	0
AAEX03023940.1	10792	18	0
AAEX03023945.1	10780	12	0
AAEX03023950.1	10772	0	0
AAEX03023951.1	10765	43	0
AAEX03023952.1	10755	0	0
JH374080.1	10748	0	0
JH374178.1	10730	0	0
AAEX03023960.1	10728	0	0
AAEX03023968.1	10696	1	0
AAEX03023969.1	10687	0	0
AAEX03023970.1	10687	0	0
AAEX03023971.1	10683	0	0
AAEX03023976.1	10672	0	0
AAEX03023980.1	10664	0	0
AAEX03023987.1	10645	0	0
AAEX03023988.1	10625	30	0
AAEX03023989.1	10610	0	0
AAEX03023990.1	10609	19	0
JH374075.1	10592	213	0
JH374076.1	10589	1	0
AAEX03023995.1	10582	0	0
AAEX03023999.1	10562	0	0
AAEX03024000.1	10540	0	0
AAEX03024005.1	10538	0	0
AAEX03024006.1	10537	7	0
AAEX03024011.1	10536	0	0
AAEX03024012.1	10534	2	0
AAEX03024013.1	10532	0	0
AAEX03024014.1	10525	0	0
AAEX03024015.1	10517	0	0
AAEX03024016.1	10513	0	0
JH374121.1	10513	0	0
AAEX03024020.1	10510	0	0
AAEX03024021.1	10505	0	0
AAEX03024022.1	10500	287	0
JH374085.1	10484	471	0
AAEX03024029.1	10479	0	0
AAEX03024034.1	10456	0	0
AAEX03024035.1	10454	0	0
AAEX03024036.1	10438	0	0
AAEX03024040.1	10431	0	0
AAEX03024041.1	10418	0	0
AAEX03024042.1	10417	0	0
AAEX03024043.1	10415	0	0
AAEX03024049.1	10403	0	0
AAEX03024050.1	10399	0	0
AAEX03024051.1	10394	0	0
AAEX03024052.1	10393	6	0
JH374153.1	10377	49	0
AAEX03024061.1	10370	0	0
AAEX03024062.1	10367	0	0
AAEX03024063.1	10366	14	0
AAEX03024064.1	10363	0	0
AAEX03024065.1	10362	0	0
JH374143.1	10358	0	0
AAEX03024070.1	10356	0	0
AAEX03024071.1	10351	0	0
AAEX03024072.1	10345	0	0
JH374099.1	10339	8	0
AAEX03024073.1	10337	0	0
JH374098.1	10330	3	0
AAEX03024074.1	10329	0	0
AAEX03024075.1	10327	1	0
AAEX03024076.1	10326	0	0
AAEX03024077.1	10311	6	0
AAEX03024083.1	10309	0	0
AAEX03024084.1	10302	0	0
AAEX03024088.1	10300	0	0
AAEX03024089.1	10300	0	0
AAEX03024092.1	10277	1	0
AAEX03024093.1	10275	0	0
AAEX03024094.1	10274	0	0
AAEX03024095.1	10265	0	0
AAEX03024096.1	10263	52	0
AAEX03024097.1	10228	0	0
JH374129.1	10213	39	0
AAEX03024100.1	10212	0	0
AAEX03024101.1	10211	0	0
AAEX03024106.1	10204	0	0
AAEX03024107.1	10200	0	0
AAEX03024108.1	10199	0	0
AAEX03024113.1	10193	0	0
AAEX03024114.1	10183	0	0
AAEX03024115.1	10182	0	0
AAEX03024116.1	10181	0	0
AAEX03024117.1	10180	0	0
AAEX03024118.1	10178	0	0
AAEX03024119.1	10168	0	0
AAEX03024120.1	10166	0	0
AAEX03024121.1	10162	0	0
AAEX03024122.1	10162	19	0
AAEX03024123.1	10162	0	0
AAEX03024124.1	10153	0	0
AAEX03024125.1	10149	0	0
AAEX03024126.1	10147	0	0
AAEX03024129.1	10143	5	0
JH374088.1	10143	36	0
AAEX03024130.1	10142	0	0
AAEX03024131.1	10140	0	0
AAEX03024132.1	10137	0	0
AAEX03024133.1	10133	0	0
AAEX03024134.1	10132	0	0
JH374161.1	10131	0	0
AAEX03024137.1	10124	39	0
AAEX03024138.1	10113	0	0
JH374083.1	10093	0	0
AAEX03024143.1	10090	0	0
AAEX03024144.1	10084	0	0
AAEX03024149.1	10079	0	0
AAEX03024150.1	10069	0	0
AAEX03024151.1	10065	7	0
AAEX03024155.1	10058	0	0
AAEX03024161.1	10024	1	0
AAEX03024162.1	10023	0	0
AAEX03024163.1	10023	0	0
AAEX03024164.1	10006	0	0
AAEX03024165.1	10005	0	0
AAEX03024166.1	10004	0	0
AAEX03024167.1	10000	0	0
AAEX03024174.1	9970	0	0
AAEX03024177.1	9937	5	0
JH374127.1	9926	1	0
AAEX03024181.1	9923	0	0
AAEX03024182.1	9921	0	0
AAEX03024183.1	9919	95998	0
AAEX03024184.1	9914	0	0
AAEX03024185.1	9913	7	0
AAEX03024186.1	9908	0	0
AAEX03024187.1	9908	0	0
AAEX03024188.1	9902	0	0
JH374132.1	9862	71	0
AAEX03024189.1	9859	0	0
AAEX03024193.1	9846	1	0
AAEX03024194.1	9843	45	0
JH374140.1	9823	179	0
AAEX03024201.1	9812	5	0
AAEX03024202.1	9811	0	0
AAEX03024203.1	9810	0	0
AAEX03024204.1	9809	0	0
JH374102.1	9809	29	0
AAEX03024205.1	9800	0	0
AAEX03024206.1	9788	0	0
AAEX03024207.1	9786	3	0
JH374138.1	9779	10	0
AAEX03024208.1	9770	0	0
AAEX03024209.1	9746	1	0
JH374128.1	9732	13	0
JH374093.1	9731	307	0
AAEX03024210.1	9722	44	0
AAEX03024218.1	9705	3	0
AAEX03024219.1	9695	0	0
AAEX03024220.1	9690	0	0
JH374157.1	9688	0	0
AAEX03024224.1	9679	344	0
JH374150.1	9668	32	0
AAEX03024225.1	9667	0	0
AAEX03024226.1	9657	27	0
AAEX03024227.1	9648	0	0
AAEX03024228.1	9646	1211	0
AAEX03024235.1	9626	0	0
AAEX03024239.1	9620	0	0
AAEX03024243.1	9601	0	0
AAEX03024244.1	9597	0	0
JH374177.1	9597	2	0
AAEX03024245.1	9587	0	0
AAEX03024246.1	9580	5	0
AAEX03024247.1	9572	1	0
AAEX03024248.1	9571	0	0
AAEX03024249.1	9560	0	0
AAEX03024257.1	9548	651	0
AAEX03024258.1	9546	0	0
JH374182.1	9546	1	0
AAEX03024259.1	9533	0	0
AAEX03024260.1	9529	0	0
AAEX03024261.1	9522	0	0
AAEX03024262.1	9520	0	0
AAEX03024267.1	9499	5	0
AAEX03024268.1	9494	0	0
AAEX03024269.1	9491	3	0
AAEX03024270.1	9488	0	0
AAEX03024271.1	9484	0	0
AAEX03024272.1	9482	0	0
AAEX03024273.1	9482	0	0
AAEX03024274.1	9481	36	0
AAEX03024277.1	9477	386	0
AAEX03024278.1	9459	1	0
AAEX03024279.1	9453	2	0
AAEX03024283.1	9442	0	0
AAEX03024284.1	9439	0	0
AAEX03024285.1	9432	0	0
JH374105.1	9431	200	0
AAEX03024289.1	9422	0	0
AAEX03024296.1	9416	0	0
AAEX03024297.1	9413	0	0
JH374145.1	9411	1	0
AAEX03024298.1	9408	0	0
JH374131.1	9405	0	0
AAEX03024299.1	9401	0	0
AAEX03024300.1	9387	0	0
AAEX03024301.1	9387	0	0
AAEX03024302.1	9378	0	0
AAEX03024305.1	9365	0	0
AAEX03024306.1	9363	0	0
AAEX03024307.1	9361	0	0
AAEX03024308.1	9352	0	0
AAEX03024309.1	9347	0	0
JH374167.1	9343	2	0
AAEX03024314.1	9339	0	0
AAEX03024315.1	9334	0	0
AAEX03024316.1	9334	5	0
AAEX03024317.1	9334	0	0
AAEX03024318.1	9333	0	0
AAEX03024319.1	9332	283	0
AAEX03024323.1	9321	0	0
AAEX03024324.1	9317	0	0
AAEX03024325.1	9308	0	0
AAEX03024326.1	9301	11	0
AAEX03024331.1	9286	0	0
AAEX03024332.1	9280	0	0
AAEX03024333.1	9280	0	0
AAEX03024334.1	9279	0	0
AAEX03024335.1	9278	0	0
AAEX03024336.1	9276	30	0
AAEX03024337.1	9272	0	0
JH374125.1	9270	0	0
AAEX03024340.1	9265	0	0
AAEX03024341.1	9263	0	0
AAEX03024342.1	9253	0	0
AAEX03024343.1	9250	0	0
JH374168.1	9248	0	0
JH374144.1	9246	15	0
AAEX03024349.1	9228	58	0
JH374158.1	9228	0	0
AAEX03024350.1	9224	0	0
AAEX03024351.1	9216	0	0
AAEX03024352.1	9215	0	0
AAEX03024353.1	9214	66	0
AAEX03024354.1	9204	0	0
AAEX03024355.1	9200	0	0
AAEX03024356.1	9196	0	0
AAEX03024357.1	9192	69	0
AAEX03024358.1	9176	113	0
AAEX03024359.1	9175	0	0
AAEX03024360.1	9164	0	0
AAEX03024361.1	9160	0	0
AAEX03024362.1	9159	1	0
AAEX03024363.1	9152	0	0
AAEX03024364.1	9150	0	0
AAEX03024369.1	9145	1	0
AAEX03024370.1	9142	0	0
AAEX03024371.1	9138	0	0
AAEX03024375.1	9123	0	0
AAEX03024376.1	9121	0	0
AAEX03024377.1	9120	26	0
AAEX03024378.1	9113	0	0
AAEX03024379.1	9112	247	0
AAEX03024389.1	9101	0	0
AAEX03024390.1	9088	0	0
AAEX03024391.1	9086	0	0
JH374126.1	9076	107	0
AAEX03024392.1	9074	0	0
AAEX03024393.1	9062	0	0
AAEX03024394.1	9058	0	0
AAEX03024399.1	9048	0	0
JH374119.1	9047	0	0
AAEX03024400.1	9043	0	0
AAEX03024401.1	9043	0	0
AAEX03024402.1	9041	0	0
AAEX03024403.1	9040	0	0
AAEX03024404.1	9039	0	0
AAEX03024407.1	9031	10	0
AAEX03024411.1	9022	0	0
JH374160.1	9012	35	0
AAEX03024412.1	9011	0	0
AAEX03024413.1	9009	0	0
AAEX03024414.1	9000	0	0
AAEX03024415.1	8999	2	0
AAEX03024416.1	8995	0	0
AAEX03024417.1	8991	0	0
JH374123.1	8988	5	0
AAEX03024418.1	8985	0	0
AAEX03024419.1	8981	0	0
AAEX03024420.1	8971	0	0
AAEX03024421.1	8969	0	0
AAEX03024422.1	8967	1	0
AAEX03024423.1	8966	0	0
AAEX03024424.1	8963	0	0
AAEX03024425.1	8962	0	0
AAEX03024426.1	8959	0	0
AAEX03024431.1	8942	37	0
AAEX03024432.1	8941	0	0
AAEX03024433.1	8937	0	0
AAEX03024434.1	8935	0	0
AAEX03024438.1	8932	0	0
AAEX03024439.1	8930	1	0
AAEX03024440.1	8921	0	0
JH374142.1	8920	9	0
AAEX03024443.1	8916	0	0
AAEX03024444.1	8911	0	0
JH374184.1	8904	4	0
AAEX03024445.1	8898	0	0
AAEX03024446.1	8893	0	0
AAEX03024447.1	8890	39	0
AAEX03024448.1	8888	0	0
AAEX03024449.1	8887	0	0
AAEX03024450.1	8886	0	0
AAEX03024451.1	8885	1	0
AAEX03024452.1	8882	25	0
AAEX03024457.1	8836	0	0
AAEX03024460.1	8822	0	0
AAEX03024461.1	8816	0	0
AAEX03024462.1	8812	0	0
AAEX03024463.1	8808	0	0
AAEX03024464.1	8807	0	0
AAEX03024465.1	8805	0	0
AAEX03024466.1	8803	0	0
AAEX03024467.1	8797	0	0
AAEX03024468.1	8794	0	0
AAEX03024469.1	8794	0	0
AAEX03024470.1	8790	0	0
AAEX03024471.1	8785	0	0
AAEX03024472.1	8781	0	0
AAEX03024473.1	8778	0	0
AAEX03024474.1	8773	0	0
AAEX03024475.1	8773	0	0
AAEX03024476.1	8769	0	0
AAEX03024477.1	8763	0	0
AAEX03024478.1	8759	0	0
AAEX03024479.1	8754	0	0
AAEX03024480.1	8750	0	0
AAEX03024481.1	8746	2	0
AAEX03024482.1	8737	0	0
AAEX03024485.1	8724	0	0
AAEX03024486.1	8716	0	0
AAEX03024487.1	8713	0	0
AAEX03024488.1	8711	0	0
AAEX03024489.1	8707	0	0
JH374181.1	8707	0	0
AAEX03024490.1	8695	3635	0
AAEX03024491.1	8695	0	0
AAEX03024492.1	8687	0	0
AAEX03024493.1	8682	0	0
AAEX03024494.1	8679	0	0
AAEX03024495.1	8677	6	0
AAEX03024496.1	8676	0	0
AAEX03024499.1	8671	0	0
AAEX03024500.1	8666	54	0
JH374135.1	8666	133	0
AAEX03024501.1	8663	0	0
AAEX03024502.1	8660	0	0
AAEX03024503.1	8657	0	0
JH374139.1	8655	282	0
AAEX03024504.1	8639	0	0
AAEX03024505.1	8638	0	0
AAEX03024506.1	8628	12357	0
AAEX03024507.1	8627	0	0
AAEX03024508.1	8622	0	0
AAEX03024509.1	8616	0	0
AAEX03024510.1	8612	0	0
AAEX03024511.1	8611	91	0
AAEX03024512.1	8609	0	0
AAEX03024513.1	8606	2	0
AAEX03024514.1	8603	0	0
AAEX03024515.1	8592	1	0
AAEX03024516.1	8592	228	0
AAEX03024517.1	8592	0	0
AAEX03024518.1	8572	0	0
AAEX03024522.1	8567	0	0
AAEX03024523.1	8563	0	0
JH374137.1	8560	6	0
AAEX03024524.1	8557	0	0
AAEX03024525.1	8556	0	0
AAEX03024526.1	8554	0	0
AAEX03024527.1	8549	0	0
AAEX03024528.1	8545	0	0
AAEX03024529.1	8543	0	0
AAEX03024530.1	8536	0	0
AAEX03024531.1	8533	0	0
AAEX03024532.1	8531	0	0
AAEX03024533.1	8531	0	0
AAEX03024534.1	8522	0	0
AAEX03024535.1	8511	0	0
AAEX03024536.1	8505	0	0
AAEX03024537.1	8504	48	0
AAEX03024538.1	8503	0	0
AAEX03024539.1	8503	1	0
AAEX03024540.1	8489	0	0
AAEX03024541.1	8486	0	0
AAEX03024542.1	8474	0	0
AAEX03024543.1	8468	1	0
AAEX03024544.1	8467	0	0
AAEX03024545.1	8457	0	0
AAEX03024546.1	8448	0	0
AAEX03024547.1	8436	0	0
AAEX03024548.1	8432	0	0
AAEX03024549.1	8423	0	0
AAEX03024550.1	8422	0	0
AAEX03024553.1	8421	0	0
AAEX03024554.1	8419	0	0
AAEX03024555.1	8416	0	0
AAEX03024556.1	8415	4	0
AAEX03024557.1	8410	36	0
AAEX03024561.1	8409	272	0
AAEX03024562.1	8407	0	0
AAEX03024563.1	8396	0	0
AAEX03024564.1	8393	4	0
AAEX03024565.1	8391	0	0
AAEX03024569.1	8382	0	0
AAEX03024570.1	8381	0	0
AAEX03024571.1	8379	0	0
AAEX03024572.1	8359	4	0
AAEX03024573.1	8358	0	0
AAEX03024574.1	8358	0	0
AAEX03024575.1	8356	0	0
JH374148.1	8353	3	0
AAEX03024581.1	8350	6	0
AAEX03024585.1	8341	0	0
AAEX03024586.1	8340	0	0
AAEX03024587.1	8339	8	0
AAEX03024588.1	8339	0	0
AAEX03024589.1	8322	9	0
AAEX03024590.1	8320	0	0
AAEX03024591.1	8315	0	0
AAEX03024592.1	8308	2	0
AAEX03024593.1	8302	0	0
AAEX03024594.1	8301	0	0
AAEX03024598.1	8293	0	0
AAEX03024599.1	8291	40	0
AAEX03024600.1	8289	0	0
AAEX03024606.1	8286	0	0
AAEX03024607.1	8277	0	0
AAEX03024608.1	8276	0	0
AAEX03024609.1	8269	0	0
AAEX03024610.1	8263	0	0
AAEX03024611.1	8256	2	0
AAEX03024612.1	8250	0	0
AAEX03024615.1	8248	0	0
AAEX03024616.1	8248	0	0
AAEX03024617.1	8241	0	0
AAEX03024618.1	8238	0	0
AAEX03024619.1	8235	0	0
AAEX03024620.1	8230	0	0
AAEX03024621.1	8219	0	0
AAEX03024622.1	8218	1	0
AAEX03024625.1	8202	0	0
JH374141.1	8202	11	0
AAEX03024626.1	8201	0	0
JH374183.1	8199	0	0
AAEX03024631.1	8197	0	0
AAEX03024632.1	8197	0	0
AAEX03024633.1	8194	9	0
AAEX03024634.1	8193	0	0
AAEX03024638.1	8175	0	0
AAEX03024639.1	8174	9	0
AAEX03024643.1	8169	0	0
AAEX03024644.1	8166	0	0
AAEX03024645.1	8166	3	0
AAEX03024646.1	8164	0	0
AAEX03024647.1	8163	0	0
AAEX03024648.1	8159	0	0
AAEX03024649.1	8156	0	0
AAEX03024650.1	8154	0	0
AAEX03024651.1	8151	0	0
AAEX03024652.1	8147	1	0
AAEX03024653.1	8141	0	0
AAEX03024654.1	8141	0	0
AAEX03024655.1	8141	23	0
AAEX03024656.1	8131	3	0
AAEX03024657.1	8130	0	0
AAEX03024658.1	8120	3	0
AAEX03024659.1	8118	140	0
AAEX03024660.1	8115	0	0
AAEX03024661.1	8115	0	0
JH374147.1	8109	1	0
AAEX03024662.1	8104	0	0
AAEX03024663.1	8099	0	0
AAEX03024664.1	8098	2	0
AAEX03024665.1	8090	0	0
AAEX03024666.1	8085	10	0
AAEX03024667.1	8081	19	0
AAEX03024668.1	8073	0	0
AAEX03024669.1	8072	4	0
AAEX03024670.1	8070	0	0
AAEX03024671.1	8070	0	0
AAEX03024672.1	8069	10	0
AAEX03024673.1	8068	0	0
AAEX03024678.1	8058	0	0
AAEX03024681.1	8049	0	0
JH374156.1	8049	0	0
AAEX03024682.1	8046	0	0
AAEX03024683.1	8041	0	0
AAEX03024684.1	8038	154	0
AAEX03024685.1	8038	0	0
JH374189.1	8038	0	0
AAEX03024686.1	8037	0	0
AAEX03024687.1	8034	0	0
AAEX03024688.1	8030	0	0
AAEX03024689.1	8027	0	0
AAEX03024690.1	8025	0	0
AAEX03024691.1	8023	0	0
AAEX03024692.1	8021	0	0
AAEX03024693.1	8020	0	0
AAEX03024694.1	8017	1	0
AAEX03024695.1	8013	0	0
AAEX03024696.1	8011	1	0
AAEX03024697.1	8006	1	0
AAEX03024698.1	8003	0	0
AAEX03024699.1	7999	0	0
AAEX03024700.1	7992	0	0
AAEX03024701.1	7984	0	0
AAEX03024702.1	7975	0	0
AAEX03024706.1	7974	0	0
AAEX03024707.1	7972	0	0
AAEX03024708.1	7969	0	0
AAEX03024709.1	7964	20	0
AAEX03024710.1	7964	0	0
AAEX03024711.1	7962	0	0
AAEX03024712.1	7958	0	0
AAEX03024713.1	7951	17	0
AAEX03024714.1	7948	0	0
AAEX03024718.1	7942	1	0
AAEX03024719.1	7935	18	0
AAEX03024720.1	7928	0	0
AAEX03024725.1	7913	0	0
AAEX03024726.1	7910	0	0
AAEX03024727.1	7909	0	0
AAEX03024728.1	7905	0	0
AAEX03024729.1	7904	1	0
AAEX03024730.1	7896	0	0
AAEX03024731.1	7889	0	0
AAEX03024732.1	7885	0	0
AAEX03024733.1	7883	1	0
AAEX03024734.1	7879	21	0
AAEX03024735.1	7873	0	0
AAEX03024736.1	7869	0	0
AAEX03024737.1	7867	0	0
AAEX03024738.1	7862	0	0
AAEX03024739.1	7861	0	0
AAEX03024740.1	7858	1	0
AAEX03024741.1	7857	2299	0
AAEX03024742.1	7852	0	0
AAEX03024743.1	7848	0	0
AAEX03024744.1	7846	0	0
AAEX03024745.1	7844	3	0
AAEX03024746.1	7840	0	0
AAEX03024747.1	7840	0	0
AAEX03024750.1	7828	1	0
AAEX03024751.1	7827	0	0
AAEX03024752.1	7826	0	0
AAEX03024753.1	7822	0	0
AAEX03024754.1	7821	0	0
AAEX03024755.1	7820	0	0
AAEX03024756.1	7819	27	0
AAEX03024757.1	7816	43	0
AAEX03024758.1	7813	0	0
AAEX03024759.1	7809	0	0
AAEX03024760.1	7806	0	0
AAEX03024761.1	7803	0	0
AAEX03024762.1	7802	9	0
AAEX03024763.1	7799	1	0
AAEX03024764.1	7794	0	0
AAEX03024765.1	7792	0	0
AAEX03024766.1	7791	0	0
AAEX03024767.1	7786	0	0
AAEX03024768.1	7783	0	0
AAEX03024769.1	7781	0	0
AAEX03024770.1	7769	0	0
AAEX03024771.1	7767	0	0
AAEX03024772.1	7767	0	0
AAEX03024773.1	7764	0	0
AAEX03024774.1	7758	43	0
AAEX03024775.1	7756	2	0
AAEX03024776.1	7755	16	0
AAEX03024777.1	7749	0	0
AAEX03024778.1	7749	0	0
AAEX03024779.1	7742	0	0
AAEX03024780.1	7739	0	0
AAEX03024781.1	7737	0	0
AAEX03024782.1	7737	0	0
AAEX03024783.1	7735	0	0
AAEX03024784.1	7731	0	0
AAEX03024785.1	7729	0	0
AAEX03024786.1	7729	122	0
AAEX03024787.1	7729	0	0
AAEX03024788.1	7725	0	0
AAEX03024789.1	7723	3	0
JH374192.1	7721	0	0
AAEX03024790.1	7718	0	0
AAEX03024791.1	7718	0	0
AAEX03024792.1	7715	0	0
AAEX03024793.1	7715	0	0
AAEX03024794.1	7710	0	0
AAEX03024795.1	7707	0	0
AAEX03024796.1	7706	7	0
AAEX03024797.1	7703	0	0
AAEX03024798.1	7699	0	0
AAEX03024799.1	7695	0	0
AAEX03024800.1	7692	0	0
AAEX03024801.1	7687	0	0
AAEX03024802.1	7687	0	0
AAEX03024803.1	7684	0	0
AAEX03024804.1	7680	6	0
AAEX03024805.1	7676	0	0
AAEX03024806.1	7672	0	0
AAEX03024807.1	7656	0	0
AAEX03024808.1	7651	0	0
AAEX03024809.1	7649	0	0
AAEX03024810.1	7648	0	0
AAEX03024811.1	7646	0	0
JH374179.1	7645	55	0
AAEX03024812.1	7643	0	0
AAEX03024813.1	7641	6	0
AAEX03024814.1	7641	0	0
AAEX03024815.1	7639	2	0
AAEX03024816.1	7638	0	0
AAEX03024817.1	7637	0	0
AAEX03024818.1	7634	0	0
AAEX03024819.1	7630	18	0
AAEX03024820.1	7629	0	0
AAEX03024821.1	7628	0	0
AAEX03024824.1	7618	4	0
AAEX03024825.1	7615	0	0
AAEX03024826.1	7615	0	0
AAEX03024827.1	7609	0	0
AAEX03024828.1	7607	82337	0
AAEX03024829.1	7603	38	0
JH374173.1	7602	5113	0
AAEX03024830.1	7601	0	0
AAEX03024831.1	7599	0	0
AAEX03024832.1	7594	0	0
AAEX03024836.1	7587	0	0
AAEX03024837.1	7584	1	0
AAEX03024838.1	7575	0	0
JH374186.1	7569	0	0
AAEX03024839.1	7565	0	0
AAEX03024840.1	7563	0	0
AAEX03024841.1	7560	0	0
AAEX03024842.1	7560	0	0
AAEX03024843.1	7559	0	0
AAEX03024844.1	7556	2	0
AAEX03024845.1	7555	0	0
AAEX03024846.1	7539	0	0
AAEX03024847.1	7533	7	0
AAEX03024850.1	7531	0	0
AAEX03024851.1	7528	48	0
AAEX03024852.1	7523	0	0
AAEX03024853.1	7521	0	0
AAEX03024854.1	7518	1	0
AAEX03024860.1	7507	0	0
AAEX03024861.1	7504	0	0
AAEX03024862.1	7503	0	0
AAEX03024863.1	7502	0	0
AAEX03024864.1	7502	0	0
AAEX03024865.1	7498	0	0
AAEX03024866.1	7496	0	0
AAEX03024867.1	7495	0	0
AAEX03024868.1	7487	0	0
AAEX03024869.1	7483	0	0
AAEX03024870.1	7482	0	0
AAEX03024871.1	7466	0	0
AAEX03024872.1	7465	0	0
AAEX03024873.1	7463	0	0
AAEX03024874.1	7460	0	0
AAEX03024875.1	7456	0	0
AAEX03024876.1	7455	0	0
JH374155.1	7455	0	0
AAEX03024877.1	7454	52	0
AAEX03024878.1	7451	0	0
AAEX03024879.1	7450	3	0
AAEX03024884.1	7441	0	0
AAEX03024885.1	7441	0	0
AAEX03024886.1	7436	6	0
AAEX03024887.1	7434	0	0
AAEX03024888.1	7429	0	0
AAEX03024889.1	7428	0	0
AAEX03024890.1	7427	2	0
AAEX03024891.1	7424	0	0
AAEX03024892.1	7422	0	0
AAEX03024893.1	7420	10	0
AAEX03024894.1	7405	0	0
AAEX03024895.1	7404	0	0
AAEX03024896.1	7401	0	0
AAEX03024897.1	7398	0	0
AAEX03024898.1	7398	0	0
AAEX03024899.1	7396	34	0
AAEX03024900.1	7395	0	0
AAEX03024901.1	7390	0	0
AAEX03024902.1	7388	0	0
AAEX03024903.1	7387	0	0
JH374159.1	7386	58	0
AAEX03024904.1	7383	0	0
AAEX03024905.1	7376	0	0
AAEX03024906.1	7375	0	0
AAEX03024907.1	7361	0	0
AAEX03024908.1	7360	0	0
AAEX03024909.1	7358	9	0
AAEX03024910.1	7353	0	0
AAEX03024911.1	7345	0	0
AAEX03024912.1	7339	1	0
AAEX03024913.1	7339	0	0
AAEX03024917.1	7330	0	0
AAEX03024918.1	7330	0	0
AAEX03024919.1	7328	0	0
AAEX03024920.1	7321	10	0
AAEX03024921.1	7320	0	0
AAEX03024922.1	7319	20	0
AAEX03024923.1	7316	0	0
AAEX03024924.1	7315	0	0
AAEX03024925.1	7303	19	0
AAEX03024926.1	7301	0	0
AAEX03024927.1	7300	0	0
AAEX03024928.1	7297	0	0
AAEX03024929.1	7297	0	0
AAEX03024930.1	7288	0	0
AAEX03024934.1	7282	0	0
AAEX03024935.1	7281	3	0
AAEX03024936.1	7280	0	0
AAEX03024937.1	7279	0	0
AAEX03024938.1	7279	225	0
JH374175.1	7274	2	0
AAEX03024939.1	7272	3	0
AAEX03024940.1	7268	0	0
AAEX03024941.1	7267	20	0
AAEX03024942.1	7265	0	0
AAEX03024943.1	7265	0	0
AAEX03024944.1	7259	1	0
AAEX03024945.1	7254	0	0
AAEX03024946.1	7253	0	0
AAEX03024947.1	7253	0	0
AAEX03024948.1	7251	0	0
AAEX03024949.1	7250	0	0
JH374170.1	7248	0	0
JH374162.1	7246	11	0
AAEX03024950.1	7242	0	0
AAEX03024951.1	7234	0	0
AAEX03024952.1	7233	0	0
AAEX03024953.1	7229	0	0
AAEX03024954.1	7229	0	0
AAEX03024955.1	7227	0	0
JH374180.1	7225	75	0
AAEX03024956.1	7224	0	0
AAEX03024957.1	7222	0	0
AAEX03024958.1	7221	0	0
AAEX03024959.1	7219	0	0
AAEX03024960.1	7218	0	0
AAEX03024961.1	7214	1	0
AAEX03024962.1	7210	0	0
AAEX03024963.1	7210	0	0
AAEX03024964.1	7207	0	0
AAEX03024965.1	7206	0	0
AAEX03024968.1	7205	0	0
AAEX03024969.1	7202	0	0
AAEX03024970.1	7202	0	0
AAEX03024971.1	7201	0	0
AAEX03024972.1	7198	0	0
AAEX03024973.1	7197	0	0
AAEX03024974.1	7196	0	0
AAEX03024975.1	7190	0	0
AAEX03024976.1	7180	0	0
AAEX03024977.1	7172	0	0
AAEX03024978.1	7166	0	0
AAEX03024979.1	7166	0	0
AAEX03024980.1	7164	0	0
AAEX03024981.1	7162	0	0
AAEX03024982.1	7157	0	0
AAEX03024983.1	7151	0	0
AAEX03024986.1	7150	0	0
AAEX03024987.1	7149	1	0
AAEX03024988.1	7145	0	0
AAEX03024989.1	7144	0	0
AAEX03024990.1	7142	1	0
AAEX03024991.1	7136	0	0
AAEX03024994.1	7126	1	0
AAEX03024995.1	7118	0	0
AAEX03024996.1	7114	0	0
AAEX03024997.1	7114	0	0
AAEX03024998.1	7109	0	0
AAEX03024999.1	7108	0	0
AAEX03025000.1	7105	10520	0
AAEX03025001.1	7104	0	0
AAEX03025002.1	7101	0	0
AAEX03025003.1	7100	0	0
AAEX03025004.1	7099	0	0
AAEX03025005.1	7099	8	0
AAEX03025006.1	7096	0	0
AAEX03025007.1	7092	0	0
AAEX03025012.1	7070	8	0
AAEX03025013.1	7066	0	0
AAEX03025016.1	7063	0	0
AAEX03025017.1	7061	0	0
AAEX03025018.1	7058	6	0
AAEX03025019.1	7057	0	0
AAEX03025020.1	7054	0	0
AAEX03025021.1	7051	0	0
AAEX03025022.1	7043	62	0
AAEX03025023.1	7043	0	0
AAEX03025024.1	7042	0	0
AAEX03025025.1	7041	17	0
AAEX03025026.1	7039	0	0
AAEX03025027.1	7029	0	0
AAEX03025028.1	7026	0	0
AAEX03025029.1	7026	4	0
AAEX03025030.1	7020	0	0
AAEX03025031.1	7017	0	0
AAEX03025032.1	7012	0	0
AAEX03025033.1	7007	0	0
AAEX03025034.1	7006	0	0
AAEX03025035.1	7003	0	0
AAEX03025036.1	7003	0	0
AAEX03025037.1	7003	0	0
AAEX03025038.1	7000	0	0
JH374165.1	6998	21	0
AAEX03025039.1	6997	0	0
AAEX03025040.1	6990	0	0
AAEX03025041.1	6989	0	0
AAEX03025046.1	6980	0	0
AAEX03025047.1	6978	0	0
AAEX03025048.1	6977	8	0
AAEX03025049.1	6973	0	0
AAEX03025050.1	6972	0	0
AAEX03025053.1	6964	0	0
AAEX03025054.1	6960	25	0
AAEX03025055.1	6956	0	0
AAEX03025056.1	6953	0	0
AAEX03025057.1	6952	0	0
AAEX03025058.1	6945	12	0
AAEX03025059.1	6945	0	0
AAEX03025060.1	6945	0	0
AAEX03025061.1	6942	25	0
AAEX03025062.1	6940	0	0
AAEX03025063.1	6935	4	0
AAEX03025064.1	6934	23	0
AAEX03025065.1	6934	470	0
JH374169.1	6928	309	0
AAEX03025066.1	6926	0	0
AAEX03025067.1	6924	0	0
AAEX03025074.1	6915	0	0
AAEX03025075.1	6914	1	0
AAEX03025076.1	6913	0	0
AAEX03025077.1	6910	0	0
AAEX03025078.1	6910	0	0
AAEX03025079.1	6906	0	0
AAEX03025080.1	6906	0	0
AAEX03025081.1	6904	0	0
AAEX03025082.1	6903	73	0
AAEX03025083.1	6903	0	0
AAEX03025084.1	6903	16	0
AAEX03025085.1	6899	0	0
AAEX03025086.1	6895	0	0
AAEX03025087.1	6893	10	0
AAEX03025088.1	6892	0	0
AAEX03025089.1	6885	0	0
AAEX03025090.1	6883	0	0
AAEX03025091.1	6881	0	0
AAEX03025092.1	6879	5	0
AAEX03025093.1	6878	0	0
AAEX03025094.1	6873	0	0
AAEX03025095.1	6870	0	0
AAEX03025096.1	6867	0	0
AAEX03025097.1	6862	4	0
AAEX03025098.1	6858	0	0
AAEX03025101.1	6855	1	0
AAEX03025102.1	6854	137027	0
AAEX03025103.1	6852	0	0
AAEX03025104.1	6851	0	0
AAEX03025105.1	6849	1295	0
AAEX03025106.1	6847	0	0
JH374191.1	6845	2	0
AAEX03025107.1	6844	0	0
AAEX03025108.1	6841	0	0
AAEX03025109.1	6839	4	0
AAEX03025110.1	6838	56	0
AAEX03025114.1	6837	0	0
AAEX03025115.1	6836	0	0
AAEX03025116.1	6834	0	0
AAEX03025117.1	6833	0	0
AAEX03025118.1	6823	0	0
AAEX03025119.1	6820	0	0
AAEX03025120.1	6819	0	0
AAEX03025121.1	6814	0	0
AAEX03025122.1	6813	16	0
AAEX03025123.1	6812	0	0
AAEX03025124.1	6812	0	0
AAEX03025125.1	6812	0	0
AAEX03025126.1	6810	0	0
AAEX03025127.1	6805	0	0
AAEX03025128.1	6804	0	0
AAEX03025129.1	6802	0	0
AAEX03025130.1	6800	0	0
AAEX03025131.1	6799	0	0
AAEX03025132.1	6793	96310	0
AAEX03025133.1	6793	0	0
AAEX03025134.1	6789	0	0
AAEX03025135.1	6784	0	0
AAEX03025136.1	6784	0	0
AAEX03025137.1	6778	0	0
AAEX03025138.1	6776	0	0
AAEX03025139.1	6776	0	0
AAEX03025140.1	6767	0	0
AAEX03025141.1	6759	54	0
AAEX03025142.1	6755	7	0
AAEX03025143.1	6753	0	0
AAEX03025144.1	6748	15	0
AAEX03025145.1	6747	0	0
AAEX03025146.1	6743	0	0
JH374174.1	6742	6	0
AAEX03025147.1	6732	6	0
AAEX03025148.1	6732	47	0
AAEX03025149.1	6732	10	0
AAEX03025150.1	6731	0	0
AAEX03025151.1	6731	1	0
AAEX03025154.1	6716	0	0
AAEX03025155.1	6714	0	0
AAEX03025156.1	6712	0	0
AAEX03025157.1	6712	0	0
AAEX03025158.1	6698	421	0
AAEX03025159.1	6696	0	0
AAEX03025160.1	6696	0	0
AAEX03025161.1	6694	0	0
AAEX03025162.1	6694	0	0
AAEX03025163.1	6689	0	0
AAEX03025164.1	6688	0	0
AAEX03025165.1	6686	0	0
JH374176.1	6684	5	0
AAEX03025166.1	6682	0	0
AAEX03025167.1	6681	0	0
AAEX03025168.1	6675	0	0
AAEX03025169.1	6671	0	0
AAEX03025170.1	6671	0	0
AAEX03025171.1	6668	0	0
AAEX03025172.1	6667	0	0
AAEX03025173.1	6667	0	0
AAEX03025174.1	6664	0	0
AAEX03025175.1	6662	47	0
AAEX03025176.1	6655	0	0
AAEX03025177.1	6654	0	0
AAEX03025178.1	6648	0	0
AAEX03025179.1	6642	0	0
AAEX03025180.1	6640	0	0
AAEX03025181.1	6639	74	0
AAEX03025186.1	6624	0	0
AAEX03025187.1	6622	0	0
AAEX03025188.1	6620	0	0
AAEX03025189.1	6611	0	0
AAEX03025190.1	6610	21	0
AAEX03025191.1	6609	0	0
AAEX03025192.1	6609	0	0
AAEX03025193.1	6607	0	0
AAEX03025194.1	6603	0	0
AAEX03025195.1	6601	0	0
AAEX03025196.1	6592	0	0
AAEX03025197.1	6590	0	0
AAEX03025198.1	6588	0	0
AAEX03025199.1	6587	0	0
AAEX03025202.1	6584	0	0
AAEX03025203.1	6581	8	0
AAEX03025204.1	6580	0	0
AAEX03025205.1	6578	0	0
AAEX03025206.1	6576	0	0
AAEX03025207.1	6576	0	0
AAEX03025208.1	6575	0	0
AAEX03025209.1	6568	0	0
AAEX03025210.1	6567	0	0
AAEX03025211.1	6565	0	0
AAEX03025214.1	6550	0	0
AAEX03025215.1	6548	51	0
AAEX03025216.1	6539	0	0
AAEX03025217.1	6535	0	0
AAEX03025220.1	6534	4	0
AAEX03025221.1	6533	12	0
AAEX03025222.1	6533	0	0
AAEX03025223.1	6529	0	0
AAEX03025224.1	6527	0	0
AAEX03025225.1	6527	0	0
AAEX03025226.1	6524	6195	0
AAEX03025227.1	6522	0	0
AAEX03025228.1	6518	0	0
AAEX03025231.1	6506	0	0
AAEX03025232.1	6505	0	0
AAEX03025233.1	6504	0	0
AAEX03025234.1	6504	0	0
AAEX03025235.1	6496	0	0
AAEX03025236.1	6495	0	0
AAEX03025237.1	6490	0	0
AAEX03025238.1	6489	0	0
AAEX03025239.1	6488	0	0
AAEX03025240.1	6481	20	0
AAEX03025241.1	6474	0	0
AAEX03025242.1	6473	0	0
AAEX03025243.1	6471	0	0
AAEX03025246.1	6459	0	0
AAEX03025247.1	6454	0	0
AAEX03025248.1	6453	1	0
AAEX03025249.1	6452	0	0
AAEX03025250.1	6441	0	0
AAEX03025251.1	6440	2	0
AAEX03025252.1	6439	0	0
AAEX03025253.1	6438	0	0
AAEX03025254.1	6435	0	0
AAEX03025255.1	6434	0	0
AAEX03025256.1	6427	2	0
AAEX03025257.1	6426	0	0
AAEX03025258.1	6426	0	0
AAEX03025259.1	6424	0	0
AAEX03025260.1	6422	0	0
AAEX03025261.1	6420	0	0
AAEX03025262.1	6418	0	0
AAEX03025263.1	6417	0	0
AAEX03025264.1	6417	0	0
AAEX03025265.1	6417	25	0
AAEX03025266.1	6411	0	0
AAEX03025267.1	6405	0	0
AAEX03025268.1	6401	0	0
AAEX03025269.1	6399	0	0
AAEX03025270.1	6398	0	0
AAEX03025271.1	6392	0	0
AAEX03025272.1	6391	0	0
AAEX03025273.1	6390	0	0
AAEX03025274.1	6389	20	0
AAEX03025275.1	6382	5	0
AAEX03025276.1	6380	1	0
AAEX03025277.1	6378	14	0
AAEX03025278.1	6377	0	0
AAEX03025279.1	6367	0	0
AAEX03025280.1	6354	0	0
AAEX03025281.1	6353	0	0
AAEX03025282.1	6350	12698	0
AAEX03025283.1	6348	40	0
AAEX03025284.1	6345	0	0
AAEX03025285.1	6345	3	0
AAEX03025286.1	6344	0	0
AAEX03025287.1	6342	0	0
AAEX03025288.1	6340	0	0
AAEX03025289.1	6338	3	0
AAEX03025290.1	6335	0	0
AAEX03025291.1	6334	0	0
AAEX03025292.1	6332	0	0
AAEX03025293.1	6332	7	0
AAEX03025294.1	6330	0	0
AAEX03025295.1	6321	0	0
AAEX03025296.1	6318	0	0
AAEX03025299.1	6316	0	0
AAEX03025300.1	6315	0	0
AAEX03025301.1	6313	0	0
AAEX03025302.1	6313	0	0
AAEX03025303.1	6309	6	0
AAEX03025304.1	6305	0	0
AAEX03025305.1	6303	0	0
AAEX03025306.1	6302	0	0
AAEX03025307.1	6300	0	0
AAEX03025308.1	6298	0	0
AAEX03025309.1	6295	0	0
AAEX03025310.1	6293	0	0
AAEX03025311.1	6286	1	0
AAEX03025312.1	6285	0	0
AAEX03025313.1	6284	0	0
AAEX03025314.1	6284	0	0
AAEX03025315.1	6284	0	0
AAEX03025316.1	6279	0	0
AAEX03025317.1	6279	0	0
AAEX03025318.1	6277	0	0
AAEX03025319.1	6275	0	0
AAEX03025320.1	6270	0	0
AAEX03025321.1	6269	0	0
AAEX03025322.1	6267	0	0
AAEX03025323.1	6266	0	0
AAEX03025324.1	6266	1	0
AAEX03025325.1	6264	0	0
AAEX03025326.1	6263	46	0
AAEX03025327.1	6261	0	0
AAEX03025328.1	6256	134	0
AAEX03025329.1	6256	2	0
AAEX03025330.1	6255	0	0
AAEX03025331.1	6255	0	0
AAEX03025332.1	6253	0	0
AAEX03025333.1	6249	0	0
AAEX03025334.1	6247	0	0
AAEX03025335.1	6246	5	0
AAEX03025336.1	6243	3	0
AAEX03025337.1	6241	707	0
AAEX03025338.1	6238	0	0
AAEX03025339.1	6235	0	0
AAEX03025340.1	6233	0	0
AAEX03025341.1	6230	0	0
AAEX03025342.1	6230	0	0
AAEX03025343.1	6229	34	0
AAEX03025344.1	6228	0	0
AAEX03025345.1	6226	0	0
AAEX03025346.1	6224	0	0
AAEX03025347.1	6223	0	0
AAEX03025348.1	6222	0	0
AAEX03025349.1	6222	0	0
AAEX03025350.1	6220	13	0
AAEX03025351.1	6220	2	0
AAEX03025352.1	6218	0	0
AAEX03025353.1	6210	0	0
AAEX03025354.1	6208	0	0
AAEX03025355.1	6208	16	0
AAEX03025356.1	6207	1	0
AAEX03025357.1	6201	0	0
AAEX03025358.1	6195	3	0
AAEX03025359.1	6194	0	0
AAEX03025360.1	6192	52	0
AAEX03025361.1	6189	0	0
AAEX03025362.1	6185	0	0
AAEX03025363.1	6185	0	0
AAEX03025364.1	6184	0	0
AAEX03025365.1	6184	0	0
AAEX03025366.1	6181	0	0
AAEX03025369.1	6179	0	0
AAEX03025370.1	6177	0	0
AAEX03025371.1	6177	0	0
AAEX03025372.1	6173	3	0
AAEX03025373.1	6173	0	0
AAEX03025376.1	6169	0	0
AAEX03025377.1	6163	55	0
AAEX03025378.1	6160	0	0
AAEX03025379.1	6159	0	0
AAEX03025380.1	6153	0	0
AAEX03025381.1	6150	0	0
AAEX03025382.1	6150	0	0
AAEX03025383.1	6146	0	0
AAEX03025384.1	6145	12	0
AAEX03025385.1	6145	0	0
AAEX03025386.1	6145	0	0
AAEX03025387.1	6144	8	0
AAEX03025388.1	6142	14	0
AAEX03025389.1	6141	0	0
AAEX03025390.1	6138	0	0
AAEX03025394.1	6133	0	0
AAEX03025395.1	6131	0	0
AAEX03025396.1	6131	0	0
AAEX03025397.1	6130	0	0
AAEX03025398.1	6130	0	0
AAEX03025399.1	6126	0	0
AAEX03025400.1	6125	1	0
AAEX03025401.1	6120	0	0
AAEX03025402.1	6119	1	0
AAEX03025403.1	6117	0	0
AAEX03025404.1	6117	0	0
AAEX03025407.1	6098	0	0
AAEX03025408.1	6096	0	0
AAEX03025409.1	6096	0	0
AAEX03025410.1	6085	0	0
AAEX03025411.1	6084	5	0
AAEX03025412.1	6079	0	0
AAEX03025413.1	6063	0	0
AAEX03025414.1	6063	0	0
AAEX03025415.1	6061	21	0
AAEX03025416.1	6057	9130	0
AAEX03025417.1	6054	0	0
AAEX03025418.1	6053	0	0
AAEX03025419.1	6050	0	0
AAEX03025420.1	6047	10	0
AAEX03025421.1	6046	0	0
AAEX03025422.1	6045	0	0
AAEX03025423.1	6045	0	0
AAEX03025424.1	6043	0	0
AAEX03025425.1	6040	1	0
AAEX03025426.1	6038	0	0
AAEX03025427.1	6037	0	0
AAEX03025428.1	6035	0	0
AAEX03025429.1	6035	0	0
AAEX03025430.1	6035	0	0
AAEX03025431.1	6027	127	0
AAEX03025432.1	6023	0	0
AAEX03025433.1	6019	0	0
AAEX03025434.1	6012	12	0
AAEX03025435.1	6011	0	0
AAEX03025436.1	6007	0	0
AAEX03025437.1	6006	0	0
AAEX03025438.1	6005	0	0
AAEX03025439.1	6002	25	0
AAEX03025440.1	6000	1	0
AAEX03025441.1	6000	0	0
AAEX03025442.1	5991	12	0
AAEX03025443.1	5990	21	0
AAEX03025444.1	5990	0	0
AAEX03025445.1	5984	0	0
AAEX03025446.1	5983	0	0
AAEX03025447.1	5982	0	0
AAEX03025448.1	5982	0	0
AAEX03025449.1	5974	16	0
AAEX03025450.1	5973	0	0
AAEX03025451.1	5964	2	0
AAEX03025452.1	5960	0	0
AAEX03025453.1	5957	0	0
AAEX03025454.1	5952	0	0
AAEX03025455.1	5950	0	0
AAEX03025456.1	5949	5	0
AAEX03025457.1	5947	0	0
AAEX03025458.1	5944	0	0
AAEX03025459.1	5943	0	0
AAEX03025460.1	5941	0	0
AAEX03025461.1	5937	0	0
AAEX03025462.1	5937	0	0
AAEX03025463.1	5926	0	0
AAEX03025464.1	5924	0	0
AAEX03025465.1	5921	0	0
AAEX03025466.1	5917	0	0
AAEX03025467.1	5916	0	0
AAEX03025468.1	5915	0	0
AAEX03025469.1	5910	23	0
AAEX03025470.1	5907	14	0
AAEX03025471.1	5896	0	0
AAEX03025472.1	5895	0	0
AAEX03025473.1	5894	0	0
AAEX03025474.1	5888	0	0
AAEX03025475.1	5887	0	0
AAEX03025476.1	5885	0	0
AAEX03025477.1	5883	0	0
AAEX03025478.1	5880	0	0
AAEX03025479.1	5878	0	0
AAEX03025480.1	5875	0	0
AAEX03025481.1	5874	0	0
AAEX03025482.1	5867	0	0
AAEX03025483.1	5861	0	0
AAEX03025484.1	5857	0	0
AAEX03025485.1	5856	0	0
AAEX03025486.1	5856	8	0
AAEX03025487.1	5854	0	0
AAEX03025488.1	5853	0	0
AAEX03025489.1	5852	9	0
AAEX03025490.1	5852	0	0
AAEX03025491.1	5842	0	0
AAEX03025492.1	5841	12	0
AAEX03025493.1	5840	0	0
AAEX03025494.1	5833	0	0
AAEX03025495.1	5818	5	0
AAEX03025496.1	5817	33	0
AAEX03025497.1	5817	0	0
AAEX03025498.1	5815	0	0
AAEX03025499.1	5814	0	0
AAEX03025500.1	5813	0	0
AAEX03025501.1	5809	0	0
AAEX03025502.1	5808	1	0
AAEX03025505.1	5806	25	0
AAEX03025506.1	5804	0	0
AAEX03025507.1	5804	0	0
AAEX03025508.1	5804	0	0
AAEX03025509.1	5797	3177	0
JH374190.1	5797	11	0
AAEX03025510.1	5796	0	0
AAEX03025511.1	5793	2	0
AAEX03025512.1	5783	0	0
AAEX03025513.1	5779	0	0
AAEX03025514.1	5779	0	0
AAEX03025515.1	5779	0	0
AAEX03025516.1	5775	0	0
AAEX03025517.1	5773	0	0
AAEX03025518.1	5768	0	0
AAEX03025521.1	5753	0	0
AAEX03025522.1	5750	0	0
AAEX03025523.1	5748	0	0
AAEX03025524.1	5747	126090	0
AAEX03025525.1	5735	0	0
AAEX03025526.1	5733	0	0
AAEX03025527.1	5731	0	0
AAEX03025528.1	5723	494	0
AAEX03025529.1	5721	0	0
AAEX03025530.1	5716	0	0
AAEX03025531.1	5712	2	0
AAEX03025532.1	5711	0	0
AAEX03025536.1	5710	0	0
AAEX03025537.1	5705	0	0
AAEX03025538.1	5703	0	0
JH374193.1	5700	22	0
AAEX03025539.1	5699	6	0
AAEX03025540.1	5695	0	0
AAEX03025541.1	5694	2	0
AAEX03025542.1	5693	0	0
AAEX03025543.1	5688	0	0
AAEX03025544.1	5685	0	0
AAEX03025547.1	5684	13	0
AAEX03025548.1	5681	0	0
AAEX03025549.1	5680	0	0
AAEX03025550.1	5678	0	0
AAEX03025551.1	5677	0	0
AAEX03025552.1	5675	0	0
AAEX03025553.1	5674	106	0
AAEX03025554.1	5674	0	0
AAEX03025555.1	5673	0	0
AAEX03025556.1	5671	0	0
AAEX03025557.1	5667	0	0
AAEX03025558.1	5665	0	0
AAEX03025559.1	5657	0	0
AAEX03025560.1	5656	1	0
AAEX03025561.1	5654	0	0
AAEX03025562.1	5652	0	0
AAEX03025563.1	5650	1437	0
AAEX03025564.1	5649	0	0
AAEX03025565.1	5648	2	0
AAEX03025566.1	5638	0	0
AAEX03025567.1	5635	0	0
AAEX03025568.1	5635	0	0
AAEX03025569.1	5630	74	0
AAEX03025570.1	5629	0	0
AAEX03025571.1	5629	23	0
AAEX03025572.1	5627	0	0
AAEX03025573.1	5624	2	0
AAEX03025574.1	5623	0	0
AAEX03025575.1	5622	0	0
AAEX03025576.1	5618	0	0
AAEX03025577.1	5617	0	0
AAEX03025578.1	5614	0	0
AAEX03025579.1	5614	0	0
AAEX03025580.1	5610	0	0
AAEX03025581.1	5605	8	0
AAEX03025582.1	5594	5	0
AAEX03025583.1	5588	1	0
AAEX03025584.1	5584	4	0
AAEX03025585.1	5582	0	0
AAEX03025586.1	5579	1	0
AAEX03025587.1	5578	0	0
AAEX03025588.1	5577	0	0
AAEX03025589.1	5577	0	0
AAEX03025590.1	5571	0	0
AAEX03025591.1	5570	0	0
AAEX03025592.1	5557	0	0
AAEX03025593.1	5556	0	0
AAEX03025594.1	5554	0	0
AAEX03025595.1	5552	0	0
AAEX03025596.1	5551	0	0
AAEX03025597.1	5551	0	0
AAEX03025598.1	5549	8	0
AAEX03025599.1	5548	0	0
AAEX03025600.1	5547	6	0
AAEX03025601.1	5543	0	0
AAEX03025602.1	5541	0	0
AAEX03025603.1	5541	0	0
AAEX03025604.1	5531	1	0
AAEX03025605.1	5522	0	0
AAEX03025606.1	5521	0	0
AAEX03025607.1	5520	0	0
AAEX03025608.1	5517	0	0
AAEX03025609.1	5502	0	0
AAEX03025610.1	5500	0	0
AAEX03025611.1	5497	0	0
AAEX03025612.1	5496	1	0
AAEX03025613.1	5495	0	0
AAEX03025614.1	5489	0	0
AAEX03025615.1	5487	0	0
AAEX03025616.1	5487	12	0
AAEX03025617.1	5485	0	0
AAEX03025618.1	5483	0	0
AAEX03025619.1	5481	0	0
AAEX03025620.1	5476	0	0
AAEX03025621.1	5463	0	0
AAEX03025622.1	5460	0	0
AAEX03025623.1	5452	0	0
AAEX03025624.1	5452	0	0
AAEX03025627.1	5448	0	0
AAEX03025628.1	5446	5	0
AAEX03025629.1	5442	0	0
AAEX03025630.1	5442	16	0
AAEX03025631.1	5440	1	0
AAEX03025632.1	5438	1	0
AAEX03025633.1	5432	0	0
AAEX03025634.1	5426	0	0
AAEX03025635.1	5425	0	0
AAEX03025636.1	5421	0	0
AAEX03025637.1	5416	0	0
AAEX03025638.1	5415	0	0
AAEX03025639.1	5411	0	0
AAEX03025640.1	5407	0	0
AAEX03025641.1	5406	0	0
AAEX03025642.1	5404	89	0
AAEX03025643.1	5403	1	0
AAEX03025644.1	5401	137012	0
AAEX03025645.1	5401	0	0
AAEX03025646.1	5399	0	0
AAEX03025647.1	5397	0	0
AAEX03025648.1	5397	8	0
AAEX03025649.1	5395	0	0
AAEX03025652.1	5391	0	0
AAEX03025653.1	5388	0	0
AAEX03025654.1	5386	0	0
AAEX03025655.1	5379	0	0
AAEX03025656.1	5378	0	0
AAEX03025657.1	5367	0	0
AAEX03025658.1	5366	1	0
AAEX03025659.1	5363	0	0
AAEX03025660.1	5360	2	0
AAEX03025661.1	5356	0	0
AAEX03025662.1	5350	0	0
AAEX03025663.1	5343	12	0
AAEX03025664.1	5343	0	0
AAEX03025665.1	5341	123375	0
AAEX03025666.1	5332	2	0
AAEX03025667.1	5330	174	0
AAEX03025668.1	5328	0	0
AAEX03025669.1	5326	0	0
AAEX03025670.1	5323	0	0
AAEX03025671.1	5322	7	0
AAEX03025672.1	5321	0	0
AAEX03025675.1	5317	0	0
AAEX03025676.1	5307	0	0
AAEX03025677.1	5303	0	0
AAEX03025678.1	5302	0	0
AAEX03025679.1	5298	0	0
AAEX03025680.1	5295	3	0
AAEX03025681.1	5295	0	0
AAEX03025682.1	5292	0	0
AAEX03025683.1	5292	0	0
AAEX03025684.1	5292	0	0
AAEX03025685.1	5291	0	0
AAEX03025686.1	5290	0	0
AAEX03025687.1	5289	0	0
AAEX03025688.1	5289	0	0
AAEX03025689.1	5288	0	0
AAEX03025690.1	5283	0	0
AAEX03025691.1	5277	0	0
AAEX03025692.1	5276	0	0
AAEX03025693.1	5272	0	0
AAEX03025694.1	5264	0	0
AAEX03025695.1	5262	0	0
AAEX03025696.1	5261	0	0
AAEX03025697.1	5261	0	0
AAEX03025698.1	5258	0	0
AAEX03025699.1	5257	2	0
AAEX03025700.1	5254	0	0
AAEX03025701.1	5253	0	0
AAEX03025702.1	5246	43	0
AAEX03025703.1	5244	0	0
AAEX03025704.1	5243	8	0
AAEX03025705.1	5241	0	0
AAEX03025706.1	5240	0	0
AAEX03025707.1	5235	11	0
AAEX03025708.1	5224	0	0
AAEX03025709.1	5222	0	0
AAEX03025712.1	5212	675	0
AAEX03025713.1	5208	0	0
AAEX03025714.1	5193	0	0
AAEX03025715.1	5188	0	0
AAEX03025716.1	5188	0	0
AAEX03025717.1	5186	0	0
AAEX03025718.1	5185	1	0
AAEX03025719.1	5180	0	0
AAEX03025720.1	5174	0	0
AAEX03025721.1	5174	0	0
AAEX03025722.1	5173	2	0
AAEX03025723.1	5169	0	0
AAEX03025724.1	5167	87	0
AAEX03025725.1	5154	0	0
AAEX03025726.1	5154	4	0
AAEX03025727.1	5153	11	0
AAEX03025728.1	5150	3	0
AAEX03025729.1	5147	2	0
AAEX03025730.1	5147	67	0
AAEX03025731.1	5137	1	0
AAEX03025732.1	5136	0	0
AAEX03025733.1	5132	0	0
AAEX03025734.1	5130	0	0
AAEX03025735.1	5129	0	0
AAEX03025736.1	5124	32	0
AAEX03025737.1	5123	0	0
AAEX03025738.1	5119	0	0
AAEX03025739.1	5118	0	0
AAEX03025740.1	5118	402	0
AAEX03025741.1	5115	0	0
AAEX03025742.1	5115	0	0
AAEX03025743.1	5112	3	0
AAEX03025744.1	5110	0	0
AAEX03025745.1	5099	0	0
AAEX03025746.1	5096	0	0
AAEX03025747.1	5089	0	0
AAEX03025748.1	5080	0	0
AAEX03025749.1	5073	4	0
AAEX03025750.1	5070	0	0
AAEX03025751.1	5068	0	0
AAEX03025752.1	5061	0	0
AAEX03025753.1	5059	9	0
AAEX03025754.1	5054	0	0
AAEX03025755.1	5054	39	0
AAEX03025756.1	5053	0	0
AAEX03025757.1	5051	2	0
AAEX03025758.1	5046	0	0
AAEX03025759.1	5041	0	0
AAEX03025760.1	5038	0	0
AAEX03025761.1	5031	0	0
AAEX03025762.1	5021	0	0
AAEX03025763.1	5020	0	0
AAEX03025764.1	5018	0	0
AAEX03025765.1	5017	0	0
AAEX03025766.1	5016	0	0
AAEX03025767.1	5015	109	0
AAEX03025768.1	5010	0	0
AAEX03025769.1	5007	0	0
AAEX03025770.1	5004	4	0
AAEX03025771.1	5000	0	0
AAEX03025772.1	4998	0	0
AAEX03025773.1	4995	0	0
AAEX03025774.1	4994	495	0
AAEX03025775.1	4993	0	0
AAEX03025776.1	4991	0	0
AAEX03025777.1	4989	0	0
AAEX03025778.1	4988	1	0
AAEX03025779.1	4984	0	0
AAEX03025780.1	4980	0	0
AAEX03025781.1	4975	0	0
AAEX03025782.1	4975	0	0
AAEX03025783.1	4974	0	0
AAEX03025784.1	4969	0	0
AAEX03025785.1	4969	0	0
AAEX03025786.1	4969	4	0
AAEX03025787.1	4967	0	0
AAEX03025788.1	4965	19	0
AAEX03025789.1	4960	0	0
AAEX03025790.1	4960	2	0
AAEX03025791.1	4959	0	0
AAEX03025792.1	4957	1	0
AAEX03025795.1	4957	0	0
AAEX03025796.1	4956	0	0
AAEX03025797.1	4956	0	0
AAEX03025798.1	4955	0	0
AAEX03025799.1	4952	1	0
AAEX03025800.1	4950	9	0
AAEX03025801.1	4941	0	0
AAEX03025802.1	4934	0	0
AAEX03025803.1	4929	16	0
AAEX03025804.1	4925	0	0
AAEX03025805.1	4922	0	0
AAEX03025806.1	4921	5	0
AAEX03025807.1	4914	0	0
AAEX03025808.1	4911	0	0
AAEX03025809.1	4911	0	0
AAEX03025810.1	4894	3	0
AAEX03025811.1	4893	106	0
AAEX03025812.1	4892	0	0
AAEX03025813.1	4892	0	0
AAEX03025814.1	4889	0	0
AAEX03025815.1	4879	0	0
AAEX03025816.1	4877	0	0
AAEX03025817.1	4874	0	0
AAEX03025818.1	4871	2	0
AAEX03025819.1	4870	0	0
AAEX03025820.1	4869	0	0
AAEX03025821.1	4868	0	0
AAEX03025822.1	4867	0	0
AAEX03025823.1	4863	2	0
AAEX03025824.1	4862	0	0
AAEX03025825.1	4856	26	0
AAEX03025826.1	4854	0	0
AAEX03025827.1	4853	0	0
AAEX03025828.1	4847	0	0
AAEX03025829.1	4840	0	0
AAEX03025830.1	4838	0	0
AAEX03025831.1	4835	0	0
AAEX03025832.1	4828	0	0
AAEX03025833.1	4818	2	0
AAEX03025834.1	4809	0	0
AAEX03025835.1	4798	1	0
AAEX03025836.1	4798	0	0
AAEX03025837.1	4792	0	0
AAEX03025838.1	4792	0	0
AAEX03025839.1	4789	0	0
AAEX03025840.1	4787	0	0
AAEX03025841.1	4784	8	0
AAEX03025842.1	4784	1	0
AAEX03025843.1	4783	0	0
AAEX03025844.1	4782	0	0
AAEX03025845.1	4781	0	0
AAEX03025846.1	4767	0	0
AAEX03025847.1	4758	0	0
AAEX03025848.1	4744	0	0
AAEX03025849.1	4743	0	0
AAEX03025850.1	4738	0	0
AAEX03025851.1	4737	0	0
AAEX03025852.1	4736	0	0
AAEX03025853.1	4736	0	0
AAEX03025854.1	4736	0	0
AAEX03025855.1	4734	0	0
AAEX03025856.1	4733	2	0
AAEX03025857.1	4732	0	0
AAEX03025858.1	4726	0	0
AAEX03025859.1	4725	0	0
AAEX03025860.1	4718	0	0
AAEX03025861.1	4717	0	0
AAEX03025862.1	4702	0	0
AAEX03025863.1	4702	0	0
AAEX03025864.1	4698	0	0
AAEX03025865.1	4695	403	0
AAEX03025866.1	4694	1173856	0
AAEX03025867.1	4689	32	0
AAEX03025868.1	4688	0	0
AAEX03025869.1	4687	0	0
AAEX03025870.1	4685	0	0
AAEX03025871.1	4683	17	0
AAEX03025872.1	4681	0	0
AAEX03025873.1	4676	4479	0
AAEX03025874.1	4673	0	0
AAEX03025875.1	4673	0	0
AAEX03025876.1	4669	2	0
AAEX03025877.1	4668	0	0
AAEX03025878.1	4662	23	0
AAEX03025879.1	4659	0	0
AAEX03025880.1	4649	0	0
AAEX03025881.1	4649	0	0
AAEX03025882.1	4639	0	0
AAEX03025883.1	4636	0	0
AAEX03025884.1	4631	0	0
AAEX03025885.1	4630	0	0
AAEX03025886.1	4629	27	0
AAEX03025887.1	4619	0	0
AAEX03025888.1	4613	0	0
AAEX03025889.1	4612	0	0
AAEX03025890.1	4601	3	0
AAEX03025891.1	4600	0	0
AAEX03025892.1	4600	0	0
AAEX03025893.1	4594	0	0
AAEX03025894.1	4588	0	0
AAEX03025895.1	4580	0	0
AAEX03025896.1	4577	0	0
AAEX03025897.1	4577	0	0
AAEX03025898.1	4577	0	0
AAEX03025899.1	4575	0	0
AAEX03025900.1	4574	0	0
AAEX03025901.1	4572	0	0
AAEX03025902.1	4572	0	0
AAEX03025903.1	4562	0	0
AAEX03025904.1	4555	0	0
AAEX03025905.1	4554	0	0
AAEX03025906.1	4552	0	0
AAEX03025907.1	4550	1	0
AAEX03025908.1	4543	0	0
AAEX03025909.1	4541	3	0
AAEX03025910.1	4539	0	0
AAEX03025911.1	4527	0	0
AAEX03025912.1	4519	0	0
AAEX03025913.1	4507	0	0
AAEX03025914.1	4501	0	0
AAEX03025915.1	4485	0	0
AAEX03025916.1	4480	0	0
AAEX03025917.1	4476	1	0
AAEX03025918.1	4469	0	0
AAEX03025919.1	4463	0	0
AAEX03025920.1	4460	0	0
AAEX03025921.1	4454	0	0
AAEX03025922.1	4453	0	0
AAEX03025923.1	4447	22	0
AAEX03025924.1	4443	210	0
AAEX03025925.1	4439	0	0
AAEX03025926.1	4437	1	0
AAEX03025927.1	4430	355	0
AAEX03025928.1	4429	0	0
AAEX03025929.1	4428	0	0
AAEX03025930.1	4420	0	0
AAEX03025931.1	4418	0	0
AAEX03025932.1	4418	0	0
AAEX03025933.1	4408	0	0
AAEX03025934.1	4404	0	0
AAEX03025935.1	4404	0	0
AAEX03025936.1	4403	0	0
AAEX03025937.1	4399	0	0
AAEX03025938.1	4393	0	0
AAEX03025939.1	4389	0	0
AAEX03025940.1	4389	0	0
AAEX03025941.1	4388	0	0
AAEX03025942.1	4378	0	0
AAEX03025943.1	4368	83	0
AAEX03025944.1	4359	0	0
AAEX03025945.1	4356	0	0
AAEX03025946.1	4353	0	0
AAEX03025947.1	4329	0	0
AAEX03025948.1	4311	0	0
AAEX03025949.1	4302	0	0
AAEX03025950.1	4300	14	0
AAEX03025951.1	4285	0	0
AAEX03025952.1	4283	0	0
AAEX03025953.1	4282	1	0
AAEX03025954.1	4281	1	0
AAEX03025955.1	4279	0	0
AAEX03025956.1	4277	0	0
AAEX03025957.1	4276	0	0
AAEX03025958.1	4276	0	0
AAEX03025959.1	4252	128	0
AAEX03025960.1	4248	0	0
AAEX03025961.1	4239	0	0
AAEX03025962.1	4238	0	0
AAEX03025963.1	4234	0	0
AAEX03025964.1	4233	0	0
AAEX03025965.1	4231	0	0
AAEX03025966.1	4225	0	0
AAEX03025967.1	4201	0	0
AAEX03025968.1	4198	0	0
AAEX03025969.1	4193	0	0
AAEX03025970.1	4186	0	0
AAEX03025971.1	4183	0	0
AAEX03025972.1	4177	0	0
AAEX03025973.1	4172	0	0
AAEX03025974.1	4163	0	0
AAEX03025975.1	4156	0	0
AAEX03025976.1	4141	0	0
AAEX03025977.1	4130	0	0
AAEX03025978.1	4130	0	0
AAEX03025979.1	4126	0	0
AAEX03025980.1	4123	1	0
AAEX03025981.1	4121	0	0
AAEX03025982.1	4117	0	0
AAEX03025983.1	4112	0	0
AAEX03025984.1	4097	0	0
AAEX03025985.1	4096	0	0
AAEX03025986.1	4070	0	0
AAEX03025987.1	4064	0	0
AAEX03025988.1	4061	0	0
AAEX03025989.1	4060	0	0
AAEX03025990.1	4025	0	0
AAEX03025991.1	4025	0	0
AAEX03025992.1	4011	0	0
AAEX03025993.1	4001	0	0
AAEX03025994.1	3976	0	0
AAEX03025995.1	3948	0	0
AAEX03025996.1	3941	0	0
AAEX03025997.1	3928	0	0
AAEX03025998.1	3925	0	0
AAEX03025999.1	3919	0	0
AAEX03026000.1	3849	0	0
AAEX03026001.1	3848	0	0
AAEX03026002.1	3847	0	0
AAEX03026003.1	3817	0	0
AAEX03026004.1	3780	0	0
AAEX03026005.1	3780	0	0
AAEX03026006.1	3777	0	0
AAEX03026007.1	3761	0	0
AAEX03026008.1	3750	0	0
AAEX03026009.1	3733	0	0
AAEX03026010.1	3719	0	0
AAEX03026011.1	3718	0	0
AAEX03026012.1	3706	0	0
AAEX03026013.1	3700	0	0
AAEX03026014.1	3695	0	0
AAEX03026015.1	3652	0	0
AAEX03026016.1	3649	0	0
AAEX03026017.1	3629	0	0
AAEX03026018.1	3622	0	0
AAEX03026019.1	3616	0	0
AAEX03026020.1	3614	0	0
AAEX03026021.1	3595	0	0
AAEX03026022.1	3589	0	0
AAEX03026023.1	3585	0	0
AAEX03026024.1	3580	0	0
AAEX03026025.1	3576	0	0
AAEX03026026.1	3564	0	0
AAEX03026027.1	3524	0	0
AAEX03026028.1	3506	0	0
AAEX03026029.1	3484	0	0
AAEX03026030.1	3480	0	0
AAEX03026031.1	3479	0	0
AAEX03026032.1	3440	0	0
AAEX03026033.1	3431	0	0
AAEX03026034.1	3430	0	0
AAEX03026035.1	3407	0	0
AAEX03026036.1	3398	0	0
AAEX03026037.1	3393	0	0
AAEX03026038.1	3388	0	0
AAEX03026039.1	3369	0	0
AAEX03026040.1	3338	0	0
AAEX03026041.1	3331	0	0
AAEX03026042.1	3271	0	0
AAEX03026043.1	3257	0	0
AAEX03026044.1	3257	0	0
AAEX03026045.1	3231	0	0
AAEX03026046.1	3135	0	0
AAEX03026047.1	3134	0	0
AAEX03026048.1	3059	0	0
AAEX03026049.1	3011	1	0
AAEX03026050.1	2997	0	0
AAEX03026051.1	2955	0	0
AAEX03026052.1	2933	0	0
AAEX03026053.1	2850	0	0
AAEX03026054.1	2823	0	0
AAEX03026055.1	2809	0	0
AAEX03026056.1	2772	0	0
AAEX03026057.1	2729	0	0
AAEX03026058.1	2708	0	0
AAEX03026059.1	2700	0	0
AAEX03026060.1	2641	0	0
AAEX03026061.1	2494	0	0
AAEX03026062.1	2361	0	0
AAEX03026063.1	2327	0	0
AAEX03026064.1	2250	4	0
AAEX03026065.1	2145	0	0
AAEX03026066.1	2046	0	0
AAEX03026067.1	1999	0	0
AAEX03026068.1	1819	0	0
AAEX03026069.1	1790	0	0
AAEX03026070.1	1685	0	0
AAEX03026071.1	1573	0	0
AAEX03026072.1	1115	0	0
fluPB2	2341	44296	0
fluPB1	2341	128179	0
fluPA	2233	15331	0
fluHA	2035	731479	0
fluNP	1565	610268	0
fluNA	1735	232430	0
fluM	1027	1882239	0
fluNS	890	1313973	0
*	0	0	0
